0.06220796290384151,0.2471458176663528,1.9232791867514551,3.012724135346103,0.0006341139899348965,-0.09976714091816945
0.06390688329936561,0.2480810363230479,1.9402728345831162,3.174403334253873,-0.009126989410362933,-0.10062667733714707
0.06333058154383239,0.24789783535727808,1.9330449330270187,3.1885514996431072,-0.008605418655626498,-0.04427075808811695
0.06310008668194841,0.24068285166226863,1.9678014191433741,-2.844662461887677,0.014661019257283362,-0.022501237103721004
0.0633158693637609,0.24771353288521306,1.9312745373092612,-3.0872031757417724,0.009725180463778692,0.037118409970011396
0.059119718277971904,0.24175754917896797,1.8757211838385461,2.8720415103001087,0.0036470086261733885,-0.13714646993080065
0.06367017120036486,0.24775493359168882,1.9214483647800862,3.0790058933553865,-0.0060210693452086815,0.07567327160935006
0.060151226631976,0.24383440400755124,1.889885093416128,2.9308046205669265,0.004037257173286595,-0.12300891852989959
0.0628115464648959,0.24706782589201595,1.9280866207477423,-3.040464225674418,0.014682222396140818,0.05589618784998826
0.06306894720614213,0.24756224299449972,1.930746601038011,-3.06824463715958,0.011687160934992369,0.06206223901138186
0.06279239363068219,0.24745632585267888,1.9266531028043934,-3.058615022157692,0.010200328299630359,0.004431703072183296
0.062115886605968805,0.24673435299689375,1.9312851580131531,-3.014933311988521,0.008769673377895455,-0.05777582675782336
0.06341325858969671,0.248050537961323,1.931369382876574,3.15291857517102,-0.00855714635898633,-0.03626621632373953
0.0632358631400169,0.2472749898122848,1.9330769252009297,-3.0531460424919277,0.012387549708555323,0.07820558319917008
0.06426523409997086,0.24697543517332493,1.9437407866218666,3.221019193996775,-0.010665598286078222,-0.15398668691112177
0.06333386684438959,0.24801242063714868,1.9253164767222988,-3.1071340083333427,0.010364014725497226,-0.02373055955281184
0.06102752698049925,0.24582101263108336,1.9018615087411783,2.977087234636044,0.0008268017555066702,-0.13757736972412807
0.06321342314024617,0.2468343893729944,1.9348174569557655,-3.0393799834196633,0.011926429101950973,0.09797116183713075
0.0635312955978611,0.24850282788828149,1.9316865316444531,-3.092959216654765,0.01690342541834294,0.024651651473267342
0.06374453452977792,0.24741213448046656,1.9406403766036584,-3.056578152409512,0.010430344063818944,0.10567114859354151
0.06312087548855708,0.2477930014541244,1.9288593102507476,-3.0730522954399953,0.011509665931722186,0.027703939351659955
0.06328743456412074,0.24802254726290357,1.9307483477825342,-3.0763284752833417,0.010353138074007357,0.017258549438536778
0.05924523912276073,0.24238854430434842,1.8963714472210098,2.880710022586321,0.009203443106941813,-0.1729461399950945
0.06318092728829677,0.2479518169351788,1.929338002472439,-3.084139577555518,0.010737357645241554,0.015077417209179314
0.06327339082348005,0.2478455513935494,1.9313230166687445,-3.0875412504403945,0.010022982959318923,0.04582478498725593
0.06356012576221343,0.24819070456685202,1.9319783668095964,-3.1042311775213816,0.009951510631837041,0.01995651422014767
0.06339878369313426,0.24775155889784076,1.9333902714048192,-3.082215870483724,0.010407065660181807,0.06377528122919474
0.06354669893445104,0.24658983136712465,1.9375801818442129,3.2423679384278024,-0.012985372180526093,-0.1312372415737768
0.0629211174533871,0.24760855792491518,1.9284046164075654,-3.0827704572372467,0.011094026497185647,0.034836579468131186
0.0632949416907205,0.24703636835231615,1.9354847016553292,-3.0505475017213906,0.011232479606832867,0.0903089256916211
0.06405134433507495,0.24668602597250372,1.9430417998673988,-3.015111276166771,0.010810021029646916,0.15246347343701255
0.06314510163125406,0.24736965817322473,1.9321437674515731,-3.085100917423568,0.009272643312146585,0.07039456389578283
0.06338039502779907,0.24778684356897582,1.9336281814733798,-3.0855941539634464,0.008524151065833782,0.043964690008575766
0.06335875286981188,0.24774290781819097,1.9318582778001805,-3.0755344256116173,0.011498979202602714,0.04462097389686658
0.06373218422956878,0.2476862847739044,1.93687108402105,3.1866350889567885,-0.009341849840126697,-0.08849244346157195
0.06347204527622466,0.24814685070476442,1.9334251072302355,-3.1417460141365723,0.007464600372764286,0.023474215712931318
0.06321342314024621,0.24683438937299437,1.9348174569557655,-3.0393799834196615,0.011926429101951132,0.09797116183713366
0.06301017795502967,0.2473721810847644,1.9305314373859095,-3.0609647943354124,0.011903927697929736,0.06346884003424558
0.06294289091977004,0.24769327481982628,1.9250062405300499,-3.077787102430862,0.01200532521512351,-0.006285345224270697
0.06290129368612181,0.24721333186250927,1.930012764736245,-3.0542656009036198,0.012352229708190918,0.049649426846376084
0.06313978001829335,0.24771725768312228,1.930756454404728,-3.0810953376043053,0.010055273690513133,0.04148683396124865
0.06329631848432399,0.24781467835886792,1.9339067575754445,-3.085655423237407,0.009994315133260039,0.06576324194488874
0.0636900644177334,0.2470977893249185,1.9387805701679213,3.216207527911779,-0.010948210704583421,-0.10958731132195149
0.06356822141495715,0.24759763772108453,1.9373955533160478,3.1996766231687803,-0.010272497104843431,-0.08256834718420875
0.06401342781037246,0.2474130563227931,1.942070276953721,-3.052197295356153,0.01201384113209614,0.12167467774249106
0.0634063688508212,0.2474359288770556,1.9361409293854914,3.2148427687842336,-0.010300452824586333,-0.07394367650709233
0.062371130267539286,0.24702656127230752,1.926733141600119,-3.0640579991302075,0.008824753589963914,0.04563148628893435
0.06392804082390784,0.24722351674071794,1.94043125157457,-3.0516809643890097,0.010086680730576806,0.10784931323661764
0.06327847151753341,0.24726976043122764,1.9330375968904423,-3.0614026401914933,0.01214633864066661,0.0823280177358612
0.06318087988821962,0.2475254087216597,1.9313861130256136,-3.0740727858436983,0.011562208422423788,0.06604644504410935
0.06370239342789487,0.2479664427394188,1.9346300162960501,3.1623907194252716,-0.005023607913010779,-0.016606559282380324
0.06321342314024617,0.2468343893729944,1.9348174569557655,-3.0393799834196633,0.011926429101950973,0.09797116183713075
0.0637740270454527,0.2481295223203724,1.9369584776822835,-3.095162719242895,0.007321981261732161,0.04111850055207751
0.06394067469411184,0.24689228926329793,1.9408722259718927,3.2343161168791728,-0.012056719983853539,-0.12854925423542554
0.06346134090702321,0.24774212193769327,1.9348891628559648,-3.0763515413884397,0.010682921813817567,0.06833724446872853
0.06327701371808844,0.24715591111355467,1.9343678021247086,-3.0514257396155733,0.012677983362732499,0.08641334211444944
0.0626493092748021,0.24738961398587309,1.9283317247543221,-3.086800226174776,0.00654189610367202,0.02402032131907067
0.06311115179902362,0.24771285471504398,1.9308205219786674,-3.0833377865611142,0.009985098687865289,0.03868983323998492
0.06311408506952056,0.24717401497628094,1.9341348460944128,-3.0598932130544974,0.009223089185826273,0.07877476359468819
0.06363049472466634,0.24795371226062857,1.9345110347309857,-3.110486253630561,0.00806861850198638,0.04409628326743921
0.06367026664611679,0.24750335415947383,1.9381095634695569,-3.064412801884779,0.012177770167644802,0.0913848182158703
0.06426523409997086,0.24697543517332493,1.9437407866218666,3.221019193996775,-0.010665598286078222,-0.15398668691112177
0.06341765412967074,0.24741472623446864,1.9359925713714556,-3.070667143312602,0.010369011017335877,0.08028184307246766
0.06316791186870944,0.24750526722690366,1.9322327247284925,-3.0690288121180966,0.012061112932799394,0.07036054781105865
0.05963288632000678,0.2415345940446712,1.9012726832484637,2.8789031490995227,0.01827552950850437,-0.13359386774380408
0.06354669893445104,0.24658983136712465,1.9375801818442129,3.2423679384278024,-0.012985372180526093,-0.1312372415737768
0.06310833163146883,0.2473010046102318,1.9324870701154937,-3.058715049845616,0.010785298592808523,0.07244250331347872
0.06362599673488625,0.24707253813090557,1.9393038748034783,-3.060210655607734,0.01012659235665046,0.11709124830906882
0.06290457480163454,0.24736265014123135,1.9299642070108844,3.2109510068769347,-0.010937272467978631,-0.03372301064132951
0.06421089816014515,0.24766938988723763,1.9418969439303604,-3.0757725520912986,0.010427911164511664,0.10692747705058024
0.06503786404230416,0.248227005070874,1.9500542003206351,3.104515658245334,0.0024017816551487594,-0.08717048690232322
0.06369317650233079,0.246681804786948,1.9386648887616413,3.2428027364659977,-0.012380629968174696,-0.12515288929164278
0.06333855830692295,0.24771613545063134,1.9331212953109957,-3.0838495485585016,0.00849616893466919,0.033329944678113295
0.0635231120347345,0.24694044500779855,1.9376665294410875,3.2288399370805734,-0.010658739798556974,-0.10641038070701446
0.05818072134867123,0.2412433496784794,1.8882833336364981,2.8576869093479376,0.011213004913188067,-0.1993325649431967
0.06725792063466288,0.2479179620635099,1.9647633225211876,3.1811497689146075,-0.012563827929455491,-0.2932797714442896
0.06394067469411184,0.24689228926329793,1.9408722259718927,3.2343161168791728,-0.012056719983853539,-0.12854925423542554
0.06520659622326673,0.24730136748144532,1.9511349526711554,3.2102442848936,-0.012985343993691974,-0.21006536957035477
0.06418111763751673,0.24713969913067796,1.9420155520438236,-3.04640183768079,0.012141408496596508,0.1317887438459587
0.05745066683599227,0.23989544436869611,1.8816157635355542,2.829327182656483,0.015404764320598466,-0.1811804271554793
0.0662436200790942,0.24597242346214673,1.955880413431357,-3.0226709094203406,0.010113882373814777,0.2718960603159733
0.06259726912944459,0.2468029464188261,1.9298951745599096,3.2315159532637634,-0.010633963506575883,-0.06460526167449653
0.06269206234558411,0.24738120687587634,1.9257296926177403,3.2083208601228734,-0.010124115266678786,-0.004052675601561558
0.05725600399427311,0.2398656970769738,1.8798242901199973,2.830143487853325,0.014349564143000832,-0.1869752223043622
0.06354069376747555,0.24796185566803722,1.9360983405792564,-3.1061963597064817,0.007487429326346995,0.0541910788498136
0.06372387112380128,0.24676420844199456,1.9386635536996013,3.2335291916009417,-0.012434397429321998,-0.12779843593515977
0.06451811556728661,0.24820503385103143,1.9430701524209513,3.1767463819726376,-0.00799324912934774,-0.07143082267771293
0.06398943106195074,0.24703838357521063,1.9403348583693893,3.226583010010801,-0.012963073658515534,-0.12177979110729568
0.06400052304623537,0.2477828573804969,1.9420398219228547,3.197017980360167,-0.008809845738519312,-0.09590478662238602
0.06354669893445104,0.24658983136712465,1.9375801818442129,3.2423679384278024,-0.012985372180526093,-0.1312372415737768
0.06396141489076708,0.2479798441493278,1.9393887286583216,-3.078009492565185,0.012118502116570364,0.07852773051255475
0.06404757374957332,0.24820746934811122,1.9403091691207393,-3.086691451430687,0.010778902175762892,0.06488770886776245
0.06358463174655639,0.24713926955760634,1.939112003978069,3.229032361419785,-0.010222077147437754,-0.0948614066827303
0.05736179425410643,0.23989794292565053,1.8809818022062559,2.8269857876854614,0.014563654460936014,-0.18450693429493975
0.06406153310142097,0.2464313174509242,1.943073751886641,3.240046656293021,-0.010352985790212358,-0.15723280589992247
0.06320207591114384,0.2472318114030344,1.931434117923369,-3.0645285781487637,0.011981868737857277,0.06410260297828306
0.06379830125336922,0.24674890327615176,1.940202051115749,3.227936311007123,-0.011644611412894733,-0.1399932549427404
0.06339596977753732,0.24683365867792909,1.9362824780033343,-3.0333852401148698,0.011750527704350987,0.10458792110021162
0.06339878543872178,0.2473248011720418,1.935249301373092,-3.0636801297497596,0.010551516514282768,0.0732547634644135
0.06321342314024617,0.2468343893729944,1.9348174569557655,-3.0393799834196633,0.011926429101950973,0.09797116183713075
0.06342890807993261,0.24708574965399405,1.9376298183996477,3.2184064739991247,-0.010532347121836509,-0.10651520404107939
0.06354669893445104,0.24658983136712465,1.9375801818442129,3.2423679384278024,-0.012985372180526093,-0.1312372415737768
0.06345728705078106,0.2470790747016832,1.9373597800466582,3.2253041452474025,-0.011649437968003808,-0.11018181323215569
0.06599982693412174,0.24637684814781982,1.955474777983459,3.229426533464056,-0.010971179581425428,-0.2603459595872704
0.06308395624731984,0.2468123042780684,1.9337898057672358,-3.050287209357383,0.0108028112440417,0.09555749491711125
0.0635345555643042,0.24655597206781643,1.9379563453026862,3.234073037735345,-0.011759481955085672,-0.13612504216609114
0.06524599450564958,0.2472086840914916,1.9506102441158302,-3.060833582499446,0.010431931971941975,0.19912040510982326
0.06105400670731766,0.24276699062110965,1.9101068683496547,2.9011933387733126,0.016501514367326626,-0.08707369462778664
0.06344664319453781,0.24727197291235828,1.9369360549789802,-3.0635314181289917,0.01028252207288321,0.0865546405777358
0.06330665279100413,0.24744076490561018,1.9359641829958187,3.1958065013684163,-0.009122260620258421,-0.07922919010936647
0.06405181977439556,0.24683523980258523,1.9414520016432155,3.2353997442303806,-0.012582166668004985,-0.14087485455677248
0.06337291865019101,0.24754335140531294,1.9358288425979726,-3.071384947807852,0.009485790317384075,0.06284472469577093
0.0635202935060385,0.2471192827573747,1.9367833914143648,-3.0450406997483226,0.01163151079190555,0.0903703735804881
0.06330847795156433,0.24747270519582848,1.9355304763792738,-3.0769100802103413,0.010558910592906316,0.0783414061974621
0.06334432834642172,0.247062767777611,1.9351246987398476,-3.0579898109988997,0.011000771901083036,0.08984481179955374
0.06396954878747152,0.24668340245229986,1.9413769097521851,3.233363664116032,-0.01155697956743118,-0.14524020542393673
0.06392681732883038,0.2470190167433815,1.9416194517419028,3.230433141641607,-0.014083351099699699,-0.14836104229988975
0.06321441930329101,0.2472763815191982,1.9342641504270455,3.2097753739134536,-0.010959625679008921,-0.08181093398379621
0.0639263267324497,0.24667835580907962,1.9400956599954937,3.234550713369012,-0.012260377855512265,-0.13555178708436513
0.0635345555643042,0.24655597206781643,1.9379563453026862,3.234073037735345,-0.011759481955085672,-0.13612504216609114
0.06387081917883501,0.24776355046756413,1.9399364748697696,-3.0726852424975113,0.012687453112534318,0.09983568355124693
0.06413347433279667,0.24672464541813882,1.943796901750194,3.229086327817293,-0.011309949326650255,-0.1582363985432872
0.06354669893445104,0.24658983136712465,1.9375801818442129,3.2423679384278024,-0.012985372180526093,-0.1312372415737768
0.06450677502525219,0.24729006480473736,1.9452743350800314,3.2191438674557946,-0.012640221569270088,-0.15184292516937445
0.06427371159112114,0.24761512821934145,1.9432522121184452,-3.0732944944454266,0.013179748039084829,0.14008855519836755
0.05808548753675525,0.24069962308714404,1.8869693073699292,2.840534863325945,0.013272034614185657,-0.16947522124337946
0.06403898300410929,0.2464571173932766,1.9426867962571834,3.2403143748562666,-0.011194981526435768,-0.15775701277944942
0.06396954878747162,0.2466834024522997,1.9413769097521845,3.2333636641160366,-0.011556979567431704,-0.14524020542394395
0.05684453354859004,0.2392506331741217,1.875358141200433,2.8102881831782094,0.016569312723776514,-0.1846881571912701
0.06373681971099728,0.24687731977110494,1.9383358090609912,-3.051759193843374,0.011842586226422919,0.12612862293938598
0.06321342314024617,0.2468343893729944,1.9348174569557655,-3.0393799834196633,0.011926429101950973,0.09797116183713075
0.06308395624731984,0.2468123042780684,1.9337898057672358,-3.050287209357383,0.0108028112440417,0.09555749491711125
0.06349448910821417,0.24738584544801479,1.9374508545169749,3.2171660194505223,-0.012154477404685901,-0.09373668690687968
0.05858741945487363,0.2413644800999812,1.8905704363602842,2.8688356710606295,0.012005455240575745,-0.1639335163820711
0.06388985149987841,0.2465345499186984,1.9416821028610272,3.2348746886531714,-0.011392429768845549,-0.15455888083207997
0.06343123364866399,0.2473081253298069,1.9363348878005664,-3.0745349993981734,0.009656017257046314,0.089923950921373
0.06342890807993261,0.24708574965399405,1.9376298183996477,3.2184064739991247,-0.010532347121836509,-0.10651520404107939
0.06433496965716919,0.24693645473162476,1.94365318594605,3.2307864551755254,-0.01451212525055823,-0.1629412489312657
0.06373681971099728,0.24687731977110494,1.9383358090609912,-3.051759193843374,0.011842586226422919,0.12612862293938598
0.05745066683599227,0.23989544436869611,1.8816157635355542,2.829327182656483,0.015404764320598466,-0.1811804271554793
0.06377751273156362,0.2474064767054598,1.9378787019394434,-3.061495387092783,0.011569531896081573,0.0866833098502039
0.0643189153912712,0.2473278013513814,1.944074250401466,3.2216844385861316,-0.013171238106435152,-0.14004596212546688
0.058461417169391613,0.24142019308057286,1.8898159306756983,2.8699782215967327,0.011472353156982806,-0.16765633339910002
0.06388985149987841,0.2465345499186984,1.9416821028610272,3.2348746886531714,-0.011392429768845549,-0.15455888083207997
0.06391967874667909,0.24707997032243087,1.9400036939137453,-3.059219890102626,0.01162920800549498,0.12699234083572003
0.06396954878747152,0.24668340245229986,1.9413769097521851,3.233363664116032,-0.01155697956743118,-0.14524020542393673
0.06472808441284346,0.24747071350827599,1.9474459598408174,3.210601859001809,-0.009801531715212674,-0.14753959722297302
0.06615810268778706,0.24632295839324794,1.9574643088425183,3.227660705319171,-0.010698516028065689,-0.2759952627870589
0.05725600399427311,0.2398656970769738,1.8798242901199973,2.830143487853325,0.014349564143000832,-0.1869752223043622
0.059692523795120106,0.24159338917919787,1.9001160484344344,2.8823109979892707,0.016335788678395018,-0.11381442524432202
0.06373951674962507,0.24689571182602804,1.9398530156896294,-3.0516846859082114,0.011348383052077754,0.1273096597833967
0.064601196305294,0.24738055016961155,1.9449030761304753,-3.048921221793513,0.014809891393418203,0.1543983302401832
0.06469998198302233,0.2472215439845145,1.9477247420502357,3.1983444325434562,-0.008848953743783725,-0.17214866026510933
0.06372927781498096,0.24711827513411924,1.938515282497749,-3.0633333298311785,0.010540921691703217,0.11203101022616144
0.06398832696070585,0.24724305387513112,1.9421152226515352,3.229040361756554,-0.012806954076609894,-0.1248283942860188
0.06325718596746477,0.24777086824974165,1.933793670910246,3.1774717464726216,-0.009889936677903983,-0.056437211766909995
0.06391967874667909,0.24707997032243087,1.9400036939137453,-3.059219890102626,0.01162920800549498,0.12699234083572003
0.06379353414214761,0.24789986401448932,1.9394293942473726,3.1642153210308637,-0.008850667015480231,-0.0917602312312859
0.057450666835992314,0.23989544436869617,1.881615763535555,2.829327182656484,0.015404764320598464,-0.18118042715547836
0.06389348264050827,0.24745455098804167,1.940575843535241,-3.079426632968131,0.00969032473749878,0.11486212841569284
0.06359689698721065,0.24753503176200797,1.9363611234674971,-3.080004425315741,0.009938589292399167,0.08341636164376645
0.06435766225529181,0.2465338054124815,1.9448749863453691,-3.0354284903298168,0.010688430300330955,0.16605669488927885
0.06323368008208606,0.24700289822408872,1.9350984016574289,-3.058264199866789,0.010523017390947978,0.0935447732591928
0.06617296097386342,0.24715938319489966,1.958357121953261,3.2114856547258928,-0.012444349480651309,-0.2612559966409198
0.062446833312421866,0.2467770102304518,1.9257868860793166,3.232925923985059,-0.011465439249638129,-0.042407078398605434
0.06349527459211227,0.24770257390780714,1.934234515137726,3.1955544944539973,-0.010355117491526952,-0.052465421515793705
0.06402992494836918,0.24773725616574452,1.934924975883174,3.0806867385513463,-0.0027316201450511817,-0.03445850566479235
0.06609829602620093,0.24787616064996632,1.9558386062094015,3.186298420270257,-0.013725739343638703,-0.24192152141031772
0.056112999359581556,0.23742072604817735,1.869484475769922,2.8131816030564183,0.023249964470605334,-0.14024906804228465
0.05760383051726237,0.23853910253200541,1.8800186512287909,2.8543481699358875,0.024185583838723906,-0.08467760341377423
0.0638507920509287,0.24790448267308937,1.9412833483283178,3.1679886454016875,-0.008597658507258804,-0.09805642622324252
0.05725600399427311,0.2398656970769738,1.8798242901199973,2.830143487853325,0.014349564143000832,-0.1869752223043622
0.06380090277627445,0.24754983156642762,1.940683851378673,-3.08603597770587,0.008603103883413222,0.10258253003047016
0.0635345555643042,0.24655597206781643,1.9379563453026862,3.234073037735345,-0.011759481955085672,-0.13612504216609114
0.0658223744732448,0.24644758807574865,1.9539361087559497,3.2284766783165013,-0.011264928879337178,-0.246480895421129
0.06490920062411926,0.24765023337582565,1.9496076472445192,-3.0737709321745403,0.009699204134788019,0.16323961145483218
0.0639406746941118,0.24689228926329795,1.9408722259718925,3.2343161168791736,-0.012056719983853435,-0.12854925423542096
0.06364622966707503,0.24765379402094642,1.9385855371166874,3.1902272883037357,-0.00977651075577988,-0.09326569209658134
0.06398727999505821,0.24701053734809914,1.9439338208129837,3.2139300144577096,-0.00794220973334893,-0.15215112492181912
0.06331601649936543,0.24689626208596863,1.9359324305336811,-3.0526814521906704,0.010995544303650814,0.09536360366311795
0.06421089816014515,0.24766938988723763,1.9418969439303604,-3.0757725520912986,0.010427911164511664,0.10692747705058024
0.06599982693412157,0.24637684814781985,1.9554747779834585,3.2294265334640553,-0.010971179581425034,-0.26034595958726364
0.06360505440283545,0.24740348037856857,1.938073197795863,-3.0780058549254568,0.010040305097755038,0.09575230959777987
0.0635345555643042,0.24655597206781643,1.9379563453026862,3.234073037735345,-0.011759481955085672,-0.13612504216609114
0.06536207417216675,0.24644040006419315,1.9512666461235588,-3.0363275174061037,0.011796587145623243,0.23140761262498186
0.06412816059112209,0.2472511538608483,1.943373534666702,3.2103477637797475,-0.012362584351604993,-0.14904332117437383
0.0632591957951664,0.24688813233709206,1.935103680764564,-3.0400636673484924,0.011199150917444072,0.08826810638303234
0.06362827325834408,0.24703653304620388,1.9423689826263595,3.2153348203020156,-0.009796803908074542,-0.14079632639354742
0.0655501865414273,0.2465023047406877,1.9530630585270463,3.2231705806491733,-0.010918578343180774,-0.24492921303200804
0.06416600103410265,0.24709756255754262,1.9425924454262218,3.232203538027117,-0.014043741610084648,-0.14435829295333943
0.05760383051726237,0.23853910253200541,1.8800186512287909,2.8543481699358875,0.024185583838723906,-0.08467760341377423
0.06459399809693211,0.24785450569085338,1.945498933337556,-3.0779045157743847,0.009871584883961247,0.11998531131961895
0.06331504825878011,0.24725130523320257,1.936000503000198,3.2177697659634035,-0.01438522684603168,-0.09668705207068591
0.06520659622326673,0.24730136748144532,1.9511349526711554,3.2102442848936,-0.012985343993691974,-0.21006536957035477
0.06416473859687971,0.24753340612846436,1.9423360073264084,-3.066845863744056,0.01153066372161209,0.1132459429065356
0.06472808441284356,0.2474707135082759,1.9474459598408176,3.2106018590018133,-0.00980153171521343,-0.1475395972229805
0.06354669893445104,0.24658983136712465,1.9375801818442129,3.2423679384278024,-0.012985372180526093,-0.1312372415737768
0.06379830125336922,0.24674890327615176,1.940202051115749,3.227936311007123,-0.011644611412894733,-0.1399932549427404
0.06545676624659037,0.2437884982176304,1.9024585932245726,2.961926001247371,0.007914290772484213,0.21202841197961908
0.06412036038069517,0.24736500175561607,1.9418939750829687,-3.067232779850231,0.012980903291746334,0.1417026062097407
0.06414980197688369,0.24687287587192255,1.9444117107072432,-3.0538270455774996,0.010158053579956774,0.1582801038900673
0.06433423118106456,0.24769095172879793,1.9435085780269628,3.2071635599735417,-0.014016573987281287,-0.13592393516320972
0.0636589566395714,0.24811213059951445,1.9385245468367367,3.1756928283278816,-0.008946479967030574,-0.05134842713992434
0.0641879525570787,0.24767917710430537,1.942427295585165,3.182961592112872,-0.011136013370050428,-0.12085353863111731
0.06421089816014515,0.24766938988723763,1.9418969439303604,-3.0757725520912986,0.010427911164511664,0.10692747705058024
0.0645086928310533,0.24704367933217408,1.9448781813374598,-3.061354479582286,0.010660345507280221,0.17069827890921285
0.06054306584124075,0.24361740000565044,1.9099959145478143,2.8990792081513956,0.012419456300845986,-0.15026463047940958
0.06528142195315326,0.246291560112306,1.950843553424034,3.2330547415640827,-0.010432648574457058,-0.23145875715017494
0.05941199774286442,0.24112553674621084,1.897790370891427,2.8738949834785696,0.017179291216996725,-0.11507721034226705
0.06339042513305602,0.2472295614206629,1.9380589456693071,-3.065996892286408,0.011692597248607401,0.10909702912162161
0.0644326584375468,0.24846436721761156,1.9397400105681848,-3.130574058829853,0.009599769987516956,0.04515835696917572
0.06520659622326673,0.24730136748144532,1.9511349526711554,3.2102442848936,-0.012985343993691974,-0.21006536957035477
0.060019624404014954,0.2415281214297809,1.899035493670877,2.902714647815805,0.01712299278930519,-0.06189438929816074
0.06426523409997086,0.24697543517332493,1.9437407866218666,3.221019193996775,-0.010665598286078222,-0.15398668691112177
0.06575513053539948,0.24663488511880743,1.9542557917519217,3.2167836760799595,-0.012464812388221596,-0.2647085493710344
0.06425387417796094,0.24816497255735354,1.9354983003248236,3.1162738710844033,-0.006721254570505841,-0.026235963195534458
0.06491387749240371,0.24798140489936824,1.9481946310195024,3.1920150002902354,-0.011526643745376092,-0.14243924709308275
0.06513897693635731,0.24796223254780175,1.9504677826690633,-3.0834654083860586,0.009948877421323412,0.15974175388231487
0.06311769786543152,0.24684622422184777,1.9344237195927867,-3.045618711819358,0.011508911135900718,0.08938285907325624
0.058941268627356075,0.24073000546349127,1.894706866174858,2.8612416407826546,0.019273992045938756,-0.13067301423409647
0.06714892820440713,0.2461059051142059,1.9097574366260341,3.0839456239809704,0.013667902522548275,0.2954381685078653
0.06426523409997086,0.24697543517332493,1.9437407866218666,3.221019193996775,-0.010665598286078222,-0.15398668691112177
0.0644874660410624,0.2484797216691341,1.940902740612684,3.1104719534134797,-0.006449428900977936,-0.05221104896820233
0.0655501865414273,0.2465023047406877,1.9530630585270463,3.2231705806491733,-0.010918578343180774,-0.24492921303200804
0.06421089816014515,0.24766938988723763,1.9418969439303604,-3.0757725520912986,0.010427911164511664,0.10692747705058024
0.06281244538838235,0.24675294140126297,1.9299516102807155,-3.0391009729894214,0.012684608285966159,0.07001727543536942
0.06347649994741732,0.24728560293265564,1.9292070330348439,3.0211822767692698,-0.0031262893185912527,-0.023962192645446318
0.06563957529436454,0.24757184702732854,1.9542399516250581,3.197951358227126,-0.01084321339875607,-0.2027371553828449
0.06461709474454917,0.2425423791550099,1.9018975752002394,2.9373469700083645,0.014902545620792679,0.19695913192562653
0.06483754292331272,0.24634029447245295,1.9481605638517023,3.2281018334608103,-0.010525743765108881,-0.21796077857161644
0.06575513053539948,0.24663488511880743,1.9542557917519217,3.2167836760799595,-0.012464812388221596,-0.2647085493710344
0.06394261808789176,0.2469752927826097,1.940267757915308,-3.039437590266231,0.014058987016920392,0.133963560603861
0.059486419129001405,0.24230206243831287,1.895574738176332,2.903430663416469,0.008738831343078745,-0.11716073914390125
0.06426473786045939,0.24712895988331451,1.9426985427896213,-3.0457951115951385,0.0146984252969109,0.14886235883664134
0.05882797317388943,0.24067470157587614,1.893133206723489,2.8661454539145343,0.017573062033380913,-0.12119528533603578
0.06513962329770648,0.24746008853168044,1.951709955270199,-3.058863387826197,0.011606583961611577,0.19955423257647212
0.06472808441284356,0.2474707135082759,1.9474459598408176,3.2106018590018133,-0.00980153171521343,-0.1475395972229805
0.06385922337475307,0.24798360194654473,1.9340543912819206,-3.1388442745280147,0.009305236639291368,0.03411143970795384
0.05776747619420684,0.23911120533564273,1.8823778676920464,2.8372417180951746,0.020505790775952822,-0.11703804054490068
0.06379830125336922,0.24674890327615176,1.940202051115749,3.227936311007123,-0.011644611412894733,-0.1399932549427404
0.06406692126454461,0.24821348004213517,1.9399212606724823,3.1479539677479376,-0.002913612507399137,-0.023804363976152487
0.06398961711775948,0.247300079704737,1.9412155685531587,-3.0658682372034067,0.01239730223152256,0.1354117408977845
0.06440684639231155,0.248368186326532,1.9387026404019883,-3.141628185593888,0.006957153141317685,0.021085092964042606
0.06304756799511672,0.24636097285499042,1.934091113897909,-3.0254976297130534,0.013531256180693915,0.11341138112090603
0.06287393900755339,0.2468761186222863,1.9305968686901656,-3.045657685874756,0.011392835751376422,0.06202234099247134
0.0631801196036462,0.24733578664825137,1.936261959351572,3.1930258934212965,-0.009578897954451203,-0.10315939854242093
0.06390794829314009,0.24703693576117655,1.939684087844588,-3.0442141007212276,0.012070062330224746,0.11409245175939958
0.06473258500796208,0.2485322751108245,1.945596918934744,-3.1096681157386534,0.009981135876568,0.08927257804146038
0.06809377737374905,0.24633062665145075,1.964818449167651,-3.0253597842875237,0.011706599850719953,0.3399560532429109
0.06659871797443898,0.24659938824045124,1.9138847245380743,3.023531364272759,0.0033199306234826254,0.24386604890280103
0.06566079036175766,0.24442640331849294,1.90957097303239,2.964970949781868,0.00840250424475934,0.19263924532639573
0.06436213237295513,0.24764295924534913,1.943034889232821,-3.0727479389548287,0.010376765842775906,0.10904564766296382
0.06359831803205174,0.24743380747423185,1.9389976035681349,-3.061913660644772,0.013096330758179973,0.10687104021681852
0.05760383051726237,0.23853910253200541,1.8800186512287909,2.8543481699358875,0.024185583838723906,-0.08467760341377423
0.06359887206703616,0.24703057530744657,1.93793198515754,3.232914030789797,-0.012264370555860262,-0.10088307082113279
0.06411482635119793,0.24708192944636684,1.9425736309966544,3.229274161353767,-0.014990946896887678,-0.15738988090468384
0.06545243476751539,0.24576330533233245,1.9102119349923128,2.99863711147935,0.0023888207508202895,0.20892549444568742
0.06473258500790975,0.24853227511084724,1.945596918933969,-3.1096681157419743,0.00998113587633656,0.08927257803314641
0.06488272300356117,0.24608048399141777,1.9100443255401567,3.0146539734697195,-0.0001751595568230145,0.19053873869753582
0.06534571841791706,0.24792551984865108,1.953366561313166,-3.085296238838344,0.009569763970677441,0.18436251766808104
0.058848687359628817,0.2399612047754289,1.8889098212373483,2.867012183052695,0.018662291793813027,-0.08117747874322537
0.06500444157614682,0.246704875197847,1.9488842518410054,-3.0285252761204045,0.01438649457913174,0.20168135379356963
0.06511173033120268,0.2462965343080579,1.9498966881626736,3.2207376197596878,-0.00889341520044456,-0.23116288858212064
0.06472808441284356,0.2474707135082759,1.9474459598408176,3.2106018590018133,-0.00980153171521343,-0.1475395972229805
0.06439008213466763,0.2474275409012782,1.9436916427187654,-3.0538494693049674,0.014921212151508408,0.14907871571368486
0.06515805273867085,0.24840789814048728,1.9506695720750538,-3.1072613885912688,0.011210607641209378,0.15736561672805083
0.06369343196117679,0.24807299132428057,1.9364133034483855,-3.084148813986463,0.011661371989615674,0.048086064344213336
0.06277039953410192,0.24708112994017836,1.9293930642289254,-3.052483024766526,0.012067941680003951,0.054080846863157624
0.06490611315175729,0.24812724166259922,1.9482096695011197,-3.086229030403526,0.012582521208100108,0.15087011761429037
0.05735102207202847,0.23887560593545895,1.8783434670053503,2.8471935573885094,0.020349804287589396,-0.11553567898726076
0.06490611315175729,0.24812724166259922,1.9482096695011197,-3.086229030403526,0.012582521208100108,0.15087011761429037
0.06426523409997086,0.24697543517332493,1.9437407866218666,3.221019193996775,-0.010665598286078222,-0.15398668691112177
0.06705089390269706,0.24690095696316228,1.9615537480702077,-3.0426365834857725,0.013077726418284264,0.2957424454281018
0.05829479700346149,0.23996119354275489,1.888813733192242,2.853538750309423,0.020204626772950155,-0.1320602693820822
0.06520659622326673,0.24730136748144532,1.9511349526711554,3.2102442848936,-0.012985343993691974,-0.21006536957035477
0.06411482635119793,0.24708192944636684,1.9425736309966544,3.229274161353767,-0.014990946896887678,-0.15738988090468384
0.06575513053539948,0.24663488511880743,1.9542557917519217,3.2167836760799595,-0.012464812388221596,-0.2647085493710344
0.0648364077253468,0.24556134506148744,1.9479721044389013,-2.9854340966231026,0.014252999089367594,0.23314894320706683
0.06472808441284356,0.2474707135082759,1.9474459598408176,3.2106018590018133,-0.00980153171521343,-0.1475395972229805
0.06340721034659595,0.2468501709974449,1.936256687202659,3.2252500025612036,-0.011176900213456919,-0.10596833044511567
0.06468891696421426,0.24729172453609438,1.9467431897111038,-3.052521323251367,0.010374778937547024,0.1523209766479838
0.06402312971190341,0.24808415654149377,1.939623026645145,3.1782686642445284,-0.011397539350211724,-0.07311133636427714
0.0631343673909719,0.24744997417647588,1.9344489397092097,-3.072273287340015,0.010715012839275593,0.07109416096006552
0.06436213237295513,0.24764295924534913,1.943034889232821,-3.0727479389548287,0.010376765842775906,0.10904564766296382
0.06366217274764109,0.24735536822505919,1.9377947325200846,-3.052994560022569,0.013478932708547641,0.09744930010985835
0.06185474035204669,0.24038988816075355,1.9012393267098726,2.8750865879217855,0.028244361078653926,0.06257226260977065
0.06520659622326673,0.24730136748144532,1.9511349526711554,3.2102442848936,-0.012985343993691974,-0.21006536957035477
0.06445650925435781,0.24725641544186397,1.9459975677471044,3.223367855986164,-0.015629819417645668,-0.18067562077362725
0.06540382794585974,0.24788479123117144,1.951845211843126,-3.0725289272595515,0.012766370190512084,0.17867345929900563
0.06490611315175729,0.24812724166259922,1.9482096695011197,-3.086229030403526,0.012582521208100108,0.15087011761429037
0.06432951637962847,0.24840227194163747,1.9345052560926936,3.154128119838657,-0.0090979304052141,0.005401135847912261
0.06391275460130036,0.2471690526055269,1.9395097072194971,-3.041122895193352,0.016223060850587036,0.12656154513824083
0.06343356368574846,0.24218952349812578,1.9029588266177848,2.9278182707783063,0.018703634724101973,0.12791662647234667
0.06086898139548843,0.2438059702328608,1.8944231739278505,2.9265844778931993,0.0014146280026754898,-0.10964439393893727
0.06589195345142798,0.24707701093378925,1.9535736311782388,-3.047791259574271,0.012577206364647577,0.24867715631018258
0.06280959636233159,0.24745087007389796,1.9329362804009735,3.2116098904979933,-0.008482985093510273,-0.0388432474791196
0.06381743721106381,0.24773694471233287,1.9392651323283263,3.209871635618724,-0.01136229289041687,-0.07303186481494604
0.0669862363837364,0.24765173472871066,1.9640550164616626,3.202207141023352,-0.012172274625432163,-0.2753112258556866
0.06350005776824187,0.24697658678790285,1.9389968102445947,-3.05356616105319,0.011684122871742246,0.13297334271371997
0.05657009284387398,0.2391340894390355,1.8738134545798482,2.8193409304791395,0.01517654927570179,-0.18714515984482755
0.06295988752965997,0.2417883230806789,1.9074441964687716,2.9064663016344916,0.023496067725710643,0.08473141584677664
0.06274094551328877,0.24746243797983572,1.929353544240688,-3.0671939230900214,0.012486858460180716,0.039227511129769854
0.05847930453910676,0.24035635589799667,1.8911029899549554,2.86030965844398,0.01854272625939658,-0.12709149915176648
0.056955286436123624,0.23862628104565045,1.8766676809050873,2.8310171058086935,0.019828274285332053,-0.12917860684171184
0.06477111082362921,0.24836707952230877,1.947119015294836,3.161776581135891,-0.009589752510664133,-0.1191687280692211
0.05947872540436988,0.24179177112169806,1.9002292539931733,2.8752309527665223,0.014290553341879678,-0.14698537835971878
0.06520659622326673,0.24730136748144532,1.9511349526711554,3.2102442848936,-0.012985343993691974,-0.21006536957035477
0.06389879454088322,0.2476676982351332,1.9426338364936557,3.2028174743882216,-0.011483018515439349,-0.1166451070933134
0.06490611315175729,0.24812724166259922,1.9482096695011197,-3.086229030403526,0.012582521208100108,0.15087011761429037
0.06504535687448865,0.2474219502429508,1.9524470859520031,3.1992665742213493,-0.01064223030451592,-0.20067804304233314
0.0643460535158432,0.2470821769534582,1.9439123252387422,3.21167830850956,-0.014861901875873976,-0.17686278464802435
0.0647038924318202,0.24865135472274788,1.9438549465448265,3.1384878034233705,-0.007740228803509706,-0.06416371488248937
0.05941199774286442,0.24112553674621084,1.897790370891427,2.8738949834785696,0.017179291216996725,-0.11507721034226705
0.06445650925435781,0.24725641544186397,1.9459975677471044,3.223367855986164,-0.015629819417645668,-0.18067562077362725
0.06462811449150081,0.24766878383970486,1.923588197965278,3.0677744718779065,-0.004501768481085717,0.09851224980552653
0.06763294306488946,0.23765108520419617,1.885311926940947,2.829090400384061,0.026985139986320995,0.339399391895608
0.06353332242555434,0.24768893282587823,1.9364774171598642,-3.088229540428099,0.011032497705286267,0.07574581026393175
0.05850880055976264,0.24041791896656964,1.8913307289524577,2.8536101645162084,0.019724854773494206,-0.13943279760827892
0.06490611315175729,0.24812724166259922,1.9482096695011197,-3.086229030403526,0.012582521208100108,0.15087011761429037
0.06340247956878378,0.24724584225381188,1.9372647360680657,3.2208754664094252,-0.012367776799948308,-0.09686647268380491
0.06629094367957336,0.24786982000477462,1.961221076736211,3.1912752675934137,-0.012080525431933574,-0.25306667272651373
0.06488983552089587,0.24727633558833162,1.9495017172612534,3.210516348796947,-0.01191707103717503,-0.19300315793376188
0.06413519815886914,0.24802553956362364,1.9372024091742255,3.1568579739526035,-0.009500373919672038,-0.047580629603619216
0.05778275527416488,0.23946878003854868,1.8847639675321313,2.8457543175499964,0.020476465209770173,-0.13483358227545733
0.06507051303678468,0.24854123177190107,1.9489784825770087,3.1672029183019044,-0.01195288285121497,-0.13043770075035296
0.06511001521930863,0.24765346970028976,1.949931939617615,-3.078956588776258,0.01182354967186154,0.1931418912921535
0.06451666481662277,0.248097992463685,1.944724441974677,-3.0953348221216825,0.01073327967645033,0.11226435641606772
0.06763294306488946,0.23765108520419617,1.885311926940947,2.829090400384061,0.026985139986320995,0.339399391895608
0.06490611315175729,0.24812724166259922,1.9482096695011197,-3.086229030403526,0.012582521208100108,0.15087011761429037
0.06412147547628896,0.2474371511975119,1.9434837658174784,-3.0597731333109386,0.013271939210508326,0.14051991229439345
0.06553893232928729,0.24441001749196117,1.9084270088508257,2.961870123730894,0.010179017814152619,0.2212824021211939
0.06520659622326673,0.24730136748144532,1.9511349526711554,3.2102442848936,-0.012985343993691974,-0.21006536957035477
0.05835258073118343,0.23927696421344433,1.8856638544349846,2.8635113801021195,0.02284461634550311,-0.07930904232190596
0.06589358426896318,0.24768836559626978,1.9538447617414623,-3.0628443357672586,0.015971288920807968,0.2368776378105001
0.06763294306488946,0.23765108520419617,1.885311926940947,2.829090400384061,0.026985139986320995,0.339399391895608
0.06459509352014707,0.247475896485323,1.9332186364815385,3.0868353097360073,0.001093435900590927,0.03262660282005399
0.06575849509581531,0.24783881803752278,1.9550637034068297,-3.0711211143234585,0.012913847410539908,0.2175682712693921
0.06426523409997086,0.24697543517332493,1.9437407866218666,3.221019193996775,-0.010665598286078222,-0.15398668691112177
0.06347649994741732,0.24728560293265564,1.9292070330348439,3.0211822767692698,-0.0031262893185912527,-0.023962192645446318
0.06575513053539948,0.24663488511880743,1.9542557917519217,3.2167836760799595,-0.012464812388221596,-0.2647085493710344
0.06435295675470208,0.24840138298834621,1.9381532838177715,3.146004451323728,-0.009769886149784988,-0.03671979447885788
0.06520659622326673,0.24730136748144532,1.9511349526711554,3.2102442848936,-0.012985343993691974,-0.21006536957035477
0.06457692590309337,0.24600933391807409,1.9213268233204819,3.0053438721836914,0.004793668797602513,0.09134735681260853
0.06251286486884333,0.2471104024518861,1.9271760217246898,3.21178689166537,-0.01173809833436822,-0.03875970542299522
0.06397170032758875,0.24823446954928485,1.9426879926476566,3.171325024005236,-0.010804037824583577,-0.09451598439384928
0.060019624404014954,0.2415281214297809,1.899035493670877,2.902714647815805,0.01712299278930519,-0.06189438929816074
0.06465724374401667,0.2475850959249995,1.945594654443073,-3.0654774755661527,0.013762232636728348,0.15492537679284282
0.058990927207911326,0.24095752176609725,1.8955775549226401,2.867224417949711,0.016097589406452943,-0.13910115609949517
0.06520659622326673,0.24730136748144532,1.9511349526711554,3.2102442848936,-0.012985343993691974,-0.21006536957035477
0.06617296097384776,0.2471593831951619,1.958357121953514,3.211485654718628,-0.012444349480673356,-0.26125599663426907
0.06434647942508055,0.24831576756267296,1.9421731694871556,-3.0940162434428853,0.0123215191309303,0.09655190133294718
0.06369078707170905,0.24665819733998942,1.9381948707706829,-3.0436747866010614,0.011616259455186607,0.12523475343451448
0.06497886712735475,0.24798627706012513,1.9495649542010371,3.1828785806307938,-0.012974212313643114,-0.1644324412195722
0.06423230307971733,0.24826624482730042,1.938214263309664,-3.1419886722996315,0.008736492831571028,0.04415290183028365
0.06431717249674289,0.2477579099428982,1.9254683055425097,-3.2125038490675966,0.0049209497236133255,-0.08010638839724997
0.06371002777713324,0.2469732032046237,1.940586452040091,3.2348475394692033,-0.01529029265080141,-0.14961294327809802
0.056955286436123624,0.23862628104565045,1.8766676809050873,2.8310171058086935,0.019828274285332053,-0.12917860684171184
0.0648089637226453,0.24802549886998299,1.9384588847238962,-3.175357302130718,-7.364799299417724e-05,-0.005782636570847224
0.06416645127787184,0.24778438798441818,1.9434428244831374,-3.0691757395689243,0.012018076537036312,0.12642405182062605
0.05882797317388943,0.24067470157587614,1.893133206723489,2.8661454539145343,0.017573062033380913,-0.12119528533603578
0.06520659622326673,0.24730136748144532,1.9511349526711554,3.2102442848936,-0.012985343993691974,-0.21006536957035477
0.06535196971141911,0.24667745089501866,1.9230298651829782,3.0587261835183224,0.005973940659432463,0.14233269824502295
0.06609583018522443,0.24584381480249895,1.901423558444475,2.9844126866564786,-0.005625734931676203,0.2686973768051918
0.06359789261092214,0.2469133561555756,1.9375947435257597,3.2358942337369276,-0.015620450785761693,-0.1227853159669918
0.06472717493454838,0.24073438986920467,1.8985354338035212,2.8696551646827393,0.01974451661082721,0.2133832378398857
0.05882797317388943,0.24067470157587614,1.893133206723489,2.8661454539145343,0.017573062033380913,-0.12119528533603578
0.06419124772193856,0.24810713816284222,1.9438208008767293,3.1870547335996444,-0.011185805892371054,-0.09889442270657098
0.06426523409997086,0.24697543517332493,1.9437407866218666,3.221019193996775,-0.010665598286078222,-0.15398668691112177
0.06575513053539948,0.24663488511880743,1.9542557917519217,3.2167836760799595,-0.012464812388221596,-0.2647085493710344
0.07011512366223623,0.2365963391928285,1.8762733424842215,-3.407078879985021,-0.026053636245816827,-0.5098512474590662
0.06411482635119793,0.24708192944636684,1.9425736309966544,3.229274161353767,-0.014990946896887678,-0.15738988090468384
0.089677032153291,0.27453077500244577,2.154256298797183,-3.143079283248623,-0.00295435342358482,-0.04617848532828315
0.05847930453910676,0.24035635589799667,1.8911029899549554,2.86030965844398,0.01854272625939658,-0.12709149915176648
0.06322515677118058,0.24587913441266537,1.9246127007887492,2.990713558963232,0.005303698637375766,-0.004442136081347976
0.06763294306488946,0.23765108520419617,1.885311926940947,2.829090400384061,0.026985139986320995,0.339399391895608
0.05679125057949075,0.2386678879267872,1.8763464893211477,2.831561488447651,0.018852177037633713,-0.14717117439199626
0.06271563851717835,0.24756225897675954,1.9290081779496258,3.196260870794668,-0.009782585492887557,-0.020948727730322726
0.06576690207901148,0.24766103729918426,1.9544998856391143,3.1982386086429897,-0.013102152710982622,-0.21608768102732318
0.06617296097384776,0.2471593831951619,1.958357121953514,3.211485654718628,-0.012444349480673356,-0.26125599663426907
0.06461435925304757,0.2484437730554673,1.9457069725276217,-3.1146020533042793,0.01067051417179022,0.10684060734732723
0.06474847229929549,0.24851705545425984,1.9464928507437058,-3.1158964205405635,0.01136384158407336,0.11461356152969895
0.0672180148088042,0.24628124420981554,1.9098717157608416,-3.178341232934395,-0.01087866630553136,-0.3003047631648496
0.058810800297114836,0.24234546865007592,1.8943990000401143,2.866199036921275,0.008232745390775788,-0.19201653983282482
0.06594682290119658,0.2474687208096078,1.9564243238888692,-3.0595270433213653,0.014168939521882862,0.24448403201392832
0.06547274371100398,0.24679586468192755,1.9236003581412553,3.066333095181608,0.006126704742594907,0.14377448444177346
0.059692523795120106,0.24159338917919787,1.9001160484344344,2.8823109979892707,0.016335788678395018,-0.11381442524432202
0.06446716335801042,0.24696019667002095,1.9450989320304237,3.222133115224285,-0.0128929953797961,-0.1680980064088074
0.05657009284387398,0.2391340894390355,1.8738134545798482,2.8193409304791395,0.01517654927570179,-0.18714515984482755
0.0720119379775024,0.24529305950506874,1.8918481012566635,-3.1535071123203955,-0.016770053435711363,-0.48705290965353915
0.06411616726392405,0.2467500110913831,1.9429952214528265,3.239142700041652,-0.016343515794756396,-0.18253968438594856
0.06520659622326673,0.24730136748144532,1.9511349526711554,3.2102442848936,-0.012985343993691974,-0.21006536957035477
0.056651033692974036,0.23916303531851413,1.8740380616360017,2.8202134247764272,0.014110643046044294,-0.18169875367991328
0.05680977483077728,0.2383552397002244,1.8754837028648563,2.8268354327727647,0.020249157591736424,-0.13160425762572658
0.0641879525570787,0.24767917710430537,1.942427295585165,3.182961592112872,-0.011136013370050428,-0.12085353863111731
0.05836405454599758,0.2404248492200339,1.8904116904863595,2.8594292443463125,0.016727188907139645,-0.14282106770448277
0.06520659622326673,0.24730136748144532,1.9511349526711554,3.2102442848936,-0.012985343993691974,-0.21006536957035477
0.05817184053515351,0.24090796494828892,1.8876727221812508,2.8477301533551067,0.011895714285536305,-0.17498260205731117
0.07119765838902398,0.24006935561662807,1.878871722627286,3.000142286799903,0.040642999625166265,0.4814697103096095
0.0644874660410624,0.2484797216691341,1.940902740612684,3.1104719534134797,-0.006449428900977936,-0.05221104896820233
0.05908509953429163,0.24083825003214515,1.8959745934334629,2.8684145274510184,0.018084592941546237,-0.12120514423535649
0.06388722813375732,0.24741392864917633,1.9454186028035174,3.206641425301154,-0.009435571135665314,-0.1509527454524555
0.0636475807755435,0.24724306661259013,1.939056052205967,3.21130868464593,-0.011866918266437647,-0.11215422743345621
0.06383297649169517,0.24620157312476618,1.9346052011108188,3.0017987078418393,0.00909589838697564,-0.05282469694465115
0.06481700248501318,0.2472377524526328,1.9500331615431359,-3.0483536622098053,0.011226236257153466,0.19536300604714452
0.06432016595322773,0.24238670498351111,1.9004830474365664,2.9021586440861515,0.01185747952968488,0.16885416329904596
0.0595346283280928,0.2415745466301314,1.8994334951592098,2.882196794470426,0.01552847322942548,-0.11161264575213671
0.05616758602357039,0.23845907645653242,1.870206445440934,2.81554247321472,0.01687367545857356,-0.16944692578103185
0.06958073317771045,0.24943973106302933,1.9744802880171435,-3.023858885500467,0.03685561133672176,0.3643475611754859
0.060328710321924536,0.2423334935182884,1.904269268279315,2.9154536818598733,0.014952050068432863,-0.08364439864751355
0.057556280692200014,0.23884041310142207,1.8793199289686224,2.8345728899624296,0.020928882670279092,-0.11360750584675963
0.07622939992060539,0.252371504851169,1.9971926733646346,3.0026087962488783,-0.019383337442175682,-0.5928455257751164
0.06537244337765173,0.2473826054083343,1.952811562949084,3.2160467199676157,-0.014122260213758885,-0.21808123657416345
0.06474847229929549,0.24851705545425984,1.9464928507437058,-3.1158964205405635,0.01136384158407336,0.11461356152969895
0.06387635740811876,0.24814247684188243,1.9336078225372488,3.118135043063424,-0.006903622351536265,-0.025591885666850913
0.05882797317388943,0.24067470157587614,1.893133206723489,2.8661454539145343,0.017573062033380913,-0.12119528533603578
0.06431717249674289,0.2477579099428982,1.9254683055425097,-3.2125038490675966,0.0049209497236133255,-0.08010638839724997
0.06951918973296278,0.24308093402006015,1.8957920213091344,-3.252535133327731,-0.019870037559139936,-0.4173040984248612
0.05747163975300665,0.24002780126742856,1.88136511565463,2.830303548611431,0.01391639543225506,-0.16906532910275693
0.06520659622326673,0.24730136748144532,1.9511349526711554,3.2102442848936,-0.012985343993691974,-0.21006536957035477
0.0643702566930981,0.2481342421383096,1.9419114865882967,3.17176035649821,-0.009582330711463487,-0.07747579044694176
0.06452347204112675,0.24778486989829332,1.9458756462150237,-3.077321136836091,0.010348157911972597,0.12507221094379453
0.06520659622326673,0.24730136748144532,1.9511349526711554,3.2102442848936,-0.012985343993691974,-0.21006536957035477
0.05806250000724557,0.24066061766059635,1.8880168160947581,2.84665730734864,0.012879771402494883,-0.1766098733423282
0.06449144714643873,0.24716523624386658,1.9453849692042147,-3.0445908376457536,0.015357525424490233,0.1693363983984421
0.059692523795120106,0.24159338917919787,1.9001160484344344,2.8823109979892707,0.016335788678395018,-0.11381442524432202
0.06049143341683765,0.24375910240011545,1.9097240064929606,2.9074761120715458,0.00904776458780764,-0.16221086433933632
0.06520659622326673,0.24730136748144532,1.9511349526711554,3.2102442848936,-0.012985343993691974,-0.21006536957035477
0.06539377235955615,0.2469106174772093,1.9510914844570888,3.227487447365567,-0.014481688720902783,-0.219669201145149
0.05699776344626273,0.24005177154670174,1.878058120772603,2.8311613368913604,0.010753071361220962,-0.1951310648872128
0.06649471256615112,0.24720921718397013,1.9585947430192743,3.213307942948753,-0.015337126969617178,-0.2643994777938246
0.056955286436123624,0.23862628104565045,1.8766676809050873,2.8310171058086935,0.019828274285332053,-0.12917860684171184
0.06093894956150607,0.2429401315184853,1.9090763408477716,2.923935005737525,0.013600242862560511,-0.08060038648311071
0.05882797317388943,0.24067470157587614,1.893133206723489,2.8661454539145343,0.017573062033380913,-0.12119528533603578
0.06594682290119658,0.2474687208096078,1.9564243238888692,-3.0595270433213653,0.014168939521882862,0.24448403201392832
0.05710613386200973,0.23984885967624395,1.8785101886105535,2.828933570254204,0.012596580185474252,-0.17866383059322727
0.05836405454599758,0.2404248492200339,1.8904116904863595,2.8594292443463125,0.016727188907139645,-0.14282106770448277
0.07119765838902398,0.24006935561662807,1.878871722627286,3.000142286799903,0.040642999625166265,0.4814697103096095
0.05882797317388943,0.24067470157587614,1.893133206723489,2.8661454539145343,0.017573062033380913,-0.12119528533603578
0.05781471663134547,0.23954762069663396,1.8837794013761044,2.847847471864386,0.01834667557611963,-0.12144987955691809
0.06352729117129088,0.24726786276654605,1.9390023288230256,3.2223741595137163,-0.013993693485637088,-0.11264350550080161
0.06520659622326673,0.24730136748144532,1.9511349526711554,3.2102442848936,-0.012985343993691974,-0.21006536957035477
0.05695728165208278,0.2376170933030361,1.8748434679636785,2.8417601857732144,0.025161236123120004,-0.07047755244075746
0.06595682033259599,0.24707905891590845,1.956432537099308,3.207401681751649,-0.011890495332936138,-0.2564861555919142
0.06763294306488946,0.23765108520419617,1.885311926940947,2.829090400384061,0.026985139986320995,0.339399391895608
0.05882797317388943,0.24067470157587614,1.893133206723489,2.8661454539145343,0.017573062033380913,-0.12119528533603578
0.05882797317388943,0.24067470157587614,1.893133206723489,2.8661454539145343,0.017573062033380913,-0.12119528533603578
0.06556397562692468,0.24737118710040715,1.9536193131246045,3.2088435558820416,-0.011550203435257912,-0.21266446836834285
0.05882797317388943,0.24067470157587614,1.893133206723489,2.8661454539145343,0.017573062033380913,-0.12119528533603578
0.06520659622326673,0.24730136748144532,1.9511349526711554,3.2102442848936,-0.012985343993691974,-0.21006536957035477
0.0595346283280928,0.2415745466301314,1.8994334951592098,2.882196794470426,0.01552847322942548,-0.11161264575213671
0.06401429588452393,0.24661488653759034,1.9411263382472337,3.243779348185012,-0.017717180574089733,-0.17556048519741413
0.06533291518617725,0.24795250127840318,1.9530356086791845,-3.076480135553269,0.011988250527785122,0.18268073212132616
0.06520659622326673,0.24730136748144532,1.9511349526711554,3.2102442848936,-0.012985343993691974,-0.21006536957035477
0.0648659137404205,0.2467827418895526,1.9216612083471867,3.02844088935825,0.0010230463838164752,0.10871360539514485
0.06576059357729205,0.24762947841856248,1.9543946331102253,-3.060007906929539,0.015140185583134921,0.21794520257097266
0.05699776344626273,0.24005177154670174,1.878058120772603,2.8311613368913604,0.010753071361220962,-0.1951310648872128
0.06740102986214529,0.240732610321178,1.8892117063755174,2.890762141375975,0.01363530323271658,0.3282418733574536
0.06511173033120268,0.2462965343080579,1.9498966881626736,3.2207376197596878,-0.00889341520044456,-0.23116288858212064
0.06359831803205174,0.24743380747423185,1.9389976035681349,-3.061913660644772,0.013096330758179973,0.10687104021681852
0.06576690207901148,0.24766103729918426,1.9544998856391143,3.1982386086429897,-0.013102152710982622,-0.21608768102732318
0.059692523795120106,0.24159338917919787,1.9001160484344344,2.8823109979892707,0.016335788678395018,-0.11381442524432202
0.05882797317388943,0.24067470157587614,1.893133206723489,2.8661454539145343,0.017573062033380913,-0.12119528533603578
0.05682662013144009,0.23971825390252727,1.8766546029223594,2.8254530695760356,0.01171931918192331,-0.19436625513870276
0.06742667926696869,0.24354297933989033,1.8949944977690047,2.927968030055482,0.0029619610370397167,0.3229289538953953
0.089677032153291,0.27453077500244577,2.154256298797183,-3.143079283248623,-0.00295435342358482,-0.04617848532828315
0.06322515677118058,0.24587913441266537,1.9246127007887492,2.990713558963232,0.005303698637375766,-0.004442136081347976
0.05778275527416488,0.23946878003854868,1.8847639675321313,2.8457543175499964,0.020476465209770173,-0.13483358227545733
0.06412867171968988,0.24785147189293372,1.9401570202216047,3.1294239170145426,-0.006162790416590211,-0.08067791942612343
0.0626344578918082,0.24686041598349964,1.931646861430148,-3.0640246050738313,0.007106459248723869,0.06495755487288601
0.06540382794585974,0.24788479123117144,1.951845211843126,-3.0725289272595515,0.012766370190512084,0.17867345929900563
0.07427750222336346,0.24279106158755595,1.9826484417283476,-2.8259799345849186,0.042894401575067846,0.5275864925819406
0.05882797317388943,0.24067470157587614,1.893133206723489,2.8661454539145343,0.017573062033380913,-0.12119528533603578
0.06420044588413466,0.24832037798161738,1.9383169477322877,3.1455473424676166,-0.009535522672874868,-0.04528211228347516
0.06307276657545889,0.245864839454208,1.9271054105631809,3.0005007237159256,0.00617099064368733,-0.04772525790075977
0.06322515677118058,0.24587913441266537,1.9246127007887492,2.990713558963232,0.005303698637375766,-0.004442136081347976
0.06529329770637847,0.24710167216365836,1.951494507487265,3.2216501449930837,-0.014955373686352828,-0.21937376369792103
0.0720119379775024,0.24529305950506874,1.8918481012566635,-3.1535071123203955,-0.016770053435711363,-0.48705290965353915
0.06550584897694776,0.2464890909506704,1.9501466647218642,-3.024413528722862,0.016085203391733766,0.22872119475809136
0.06488983552089587,0.24727633558833162,1.9495017172612534,3.210516348796947,-0.01191707103717503,-0.19300315793376188
0.05751747444841093,0.23900587348503824,1.88067892029311,2.8345390086738673,0.019816526681840325,-0.12416630873739123
0.06594682290119658,0.2474687208096078,1.9564243238888692,-3.0595270433213653,0.014168939521882862,0.24448403201392832
0.0641879525570787,0.24767917710430537,1.942427295585165,3.182961592112872,-0.011136013370050428,-0.12085353863111731
0.05882797317388943,0.24067470157587614,1.893133206723489,2.8661454539145343,0.017573062033380913,-0.12119528533603578
0.06435565460196438,0.2486518096302231,1.9428540936406586,-3.112822254607496,0.012721612989664751,0.08478630101929473
0.06496668052421772,0.2460020760078697,1.9215752439455465,3.056081663279295,0.009524881190529254,0.13381824524429073
0.06406487643292147,0.24631057700140757,1.933847254156425,3.0094661342066016,0.008275500381269573,-0.0289903067300658
0.06483754292331272,0.24634029447245295,1.9481605638517023,3.2281018334608103,-0.010525743765108881,-0.21796077857161644
0.05850386311513739,0.24042656678547303,1.889959416621915,2.8623386036513945,0.01639776631328027,-0.11297639958215853
0.05710613386200973,0.23984885967624395,1.8785101886105535,2.828933570254204,0.012596580185474252,-0.17866383059322727
0.0649509168471491,0.24673148529381078,1.9482561492551924,-3.036733847003829,0.013245454395081194,0.19450047353060576
0.06581576997683043,0.24823746856724666,1.9569886532795808,3.1907043636209638,-0.012368984672063507,-0.200990004126156
0.0645241560455021,0.2479682459846546,1.9232555627191228,-3.1523604161403216,0.004624712874880678,-0.11996845240500852
0.05836405454599758,0.2404248492200339,1.8904116904863595,2.8594292443463125,0.016727188907139645,-0.14282106770448277
0.06520659622326673,0.24730136748144532,1.9511349526711554,3.2102442848936,-0.012985343993691974,-0.21006536957035477
0.05882797317388943,0.24067470157587614,1.893133206723489,2.8661454539145343,0.017573062033380913,-0.12119528533603578
0.06444783477828055,0.2487017136118533,1.9403346466978604,-3.1320345579689155,0.010092410346323778,0.03909011519436882
0.06520659622326673,0.24730136748144532,1.9511349526711554,3.2102442848936,-0.012985343993691974,-0.21006536957035477
0.06974018924790351,0.24629759055298772,1.8998729387862412,-3.1625614209110875,-0.009083972333190984,-0.40298387609146197
0.0644874660410624,0.2484797216691341,1.940902740612684,3.1104719534134797,-0.006449428900977936,-0.05221104896820233
0.05882797317388943,0.24067470157587614,1.893133206723489,2.8661454539145343,0.017573062033380913,-0.12119528533603578
0.06520659622326673,0.24730136748144532,1.9511349526711554,3.2102442848936,-0.012985343993691974,-0.21006536957035477
