0.08138947209347216,-0.05838416900949494,1.257394988115446,0.050544212875839774,2.9334334168627825,-0.8590816663846946
0.0813618828249659,-0.05827840062955284,1.2565932089968692,0.05042038606202685,2.9315835274810973,-0.8611355231711066
0.0813653652842091,-0.05835859234803539,1.2570832089426136,0.0500707295719057,2.931557503931793,-0.8573619915851346
0.0813097495016035,-0.05827866574352535,1.2562044937931518,0.05112235693842208,2.931352133688769,-0.8627676414077928
0.08128060283911596,-0.05831142297403162,1.2573503006920819,0.05051951698059455,2.9310032744561085,-0.8582433134195394
0.08134966653321309,-0.058346682500067894,1.2570671211512505,0.05120780596339407,2.931527316971466,-0.8600021383874785
0.08131840276723727,-0.05826487593304697,1.2575791128186415,0.049822886113504085,2.9311876020495466,-0.8591333783085879
0.08123352095776319,-0.058344997001300504,1.2572089268532591,0.05127515350915512,2.9305598043118946,-0.857995661713078
0.08139661500466477,-0.05835827493736674,1.2570517434245851,0.050405757607012915,2.932058606970743,-0.8586860483341443
0.08139661500466477,-0.05835827493736674,1.2570517434245851,0.050405757607012915,2.932058606970743,-0.8586860483341443
0.08137600147449413,-0.05837632942147331,1.2566185645138062,0.05054186552768675,2.9330878392848745,-0.8607732196650574
0.081252976516119,-0.058444734307179017,1.2574445210006113,0.05094558759413909,2.93206599233723,-0.8553079349058152
0.08130768615891715,-0.05834867301795113,1.256495933316546,0.05117668427983801,2.932345750770765,-0.8615609349843415
0.08135223885179799,-0.05836004796174375,1.2573291360748104,0.05067954868418437,2.9319684742270486,-0.8589366064357427
0.08127108921156365,-0.05836771773128269,1.2571179901093377,0.051022539456485626,2.93167108661828,-0.859786546298938
0.08127757016543972,-0.058388584530880194,1.256287748949002,0.05125344946018802,2.931750118577466,-0.8592057637307615
0.08131268588042818,-0.05836820017490928,1.2567373552599586,0.050598958939571295,2.931861629363955,-0.8591920382680681
0.08130845015472811,-0.058311140387615396,1.257293667913585,0.05035282025935646,2.9317123704623866,-0.8589981464203886
0.08132838817490043,-0.05837597332499259,1.2567835608658162,0.050629586206842,2.9326215326646863,-0.8594147034420244
0.08135104174284392,-0.0583825967824568,1.256660506551867,0.05075273307516135,2.9323661032143713,-0.8598319832447797
0.08123478206712295,-0.058302899420550044,1.2560466012512006,0.05135635030207213,2.931008373473951,-0.8623508663615291
0.0813435936651866,-0.058288503030431364,1.2570743386902938,0.050851752467857704,2.931430858633279,-0.8608292558368059
0.08136959027237702,-0.05841917734526683,1.2572867055023729,0.05121430917533367,2.933333605388802,-0.8594829074906897
0.08139186860992387,-0.05842633317307902,1.2569864108699647,0.0502883824239783,2.9338632578670967,-0.8588846716603132
0.08134152223992724,-0.05836597403540238,1.2561691588985635,0.05110814368549188,2.931618493302549,-0.859701578808976
0.08136641041987913,-0.05840126925191441,1.256616580631278,0.05064069460918824,2.9326539832219662,-0.8598615312186335
0.08132237272875426,-0.058250154003689485,1.2565731973994725,0.05086207290734436,2.9311266524898407,-0.8624440792016712
0.08135549685818842,-0.058293248979521754,1.2572355594209947,0.05038793563346491,2.9318613863657643,-0.8603979147687344
0.0812776559610307,-0.0584195554536419,1.2570617291728945,0.05139789255352586,2.932462116359969,-0.8598503205429336
0.08131855971686873,-0.058377663826837296,1.2569790757714265,0.050923147693103875,2.9320405490777306,-0.8596323136105666
0.08134667190011012,-0.05833916216951476,1.2573472320738983,0.05051625068123521,2.932242625774697,-0.8592592318260422
0.08134819295816824,-0.05834776479901685,1.2567603186093546,0.0507780523930596,2.9320439697118896,-0.8605273071832952
0.08134210832170266,-0.05836422613655131,1.256682865330957,0.05027230026789173,2.932251431302794,-0.8596321284730505
0.08137508075665675,-0.058387250375535486,1.2567035372065647,0.0506603899426559,2.932727846214037,-0.8592295062888518
0.08138441443010234,-0.05831481291413538,1.2565228626161276,0.050361159166248504,2.932416177519232,-0.8608602849871022
0.08130589545449113,-0.05835663242267769,1.2568385005245177,0.05151925636945781,2.9326418248237416,-0.8596233797109741
0.08135582651170198,-0.05829727615478268,1.256637073978197,0.050263944951820405,2.9316952900991966,-0.860978018292139
0.08138052491561328,-0.05829072882994228,1.256189357919023,0.0500891118898518,2.931786969962808,-0.8615801258839909
0.08131989216791131,-0.05824105723702017,1.256606174186439,0.04980142415546185,2.931197911298965,-0.8612826559794774
0.08132489706310553,-0.05826657004271619,1.256278236710567,0.05028432580673469,2.9307108507153457,-0.8608487834544698
0.08132520154563122,-0.05842237114997055,1.2563052455629304,0.050969263269287746,2.9329910700713357,-0.8591175982889266
0.08122393981367003,-0.05840834257894922,1.2572575205361634,0.050945853946748325,2.9306242300752867,-0.8566096937944626
0.08132662430596704,-0.058250780828384044,1.2560454303619022,0.050193625145814595,2.9317224265049857,-0.863226282576042
0.08125375179692937,-0.0584351751364148,1.2572602561412292,0.05107988854893824,2.931920761303372,-0.8579939692537232
0.08135631214685696,-0.05828730924304282,1.2565602976370471,0.049980923626477054,2.931357398416836,-0.8600385650492552
0.08134215344519617,-0.05827779565419743,1.2566914176733792,0.05001457942650745,2.9307284820551445,-0.8604632015530688
0.0813129964834458,-0.058398325784422556,1.2570364770972395,0.05104532910259117,2.9324932280251637,-0.8589144203282085
0.08130110756846706,-0.058371948109356656,1.2571206981647494,0.050597924410090846,2.932068852348783,-0.8581274466153536
0.08121509266898104,-0.05839839865808297,1.2562160541235103,0.05176706055404785,2.9311586628443265,-0.8597264130342284
0.0812932341650214,-0.058300118512888716,1.25669341615582,0.0504214420690614,2.9309491026084293,-0.8597943273642
0.08133348016096063,-0.05835112911542571,1.2571709950511551,0.050361281237636744,2.931938247645921,-0.8585226564304599
0.08131261150681078,-0.05842365457512985,1.2572979343277542,0.05090691445159318,2.9327273058947343,-0.8575567492260837
0.08121983312298986,-0.058453254914826516,1.2569583783480902,0.05090642390052758,2.9318168682653774,-0.8559412281630359
0.08131690558796384,-0.05816454625691965,1.2561190800299729,0.05019054151859734,2.9300772206226613,-0.8628001093316107
0.08131359328120237,-0.05826108560210637,1.256472099770853,0.05006177602201745,2.9313587797832383,-0.860632811221334
0.0813175186563735,-0.05840121973629091,1.2574061452826906,0.05038837520730428,2.9322290518714937,-0.8573264481818638
0.08133446889842953,-0.058424792966278796,1.2566323278840719,0.050958433525460076,2.932553108524094,-0.8581933967561457
0.08134431379767705,-0.05831652072272023,1.2568747494638541,0.049557385888470154,2.93217619697935,-0.859314059270096
0.0813212845212213,-0.05833293250800935,1.2560986164871109,0.05050266680560295,2.9314436363913674,-0.8605970745197946
0.08132154226348638,-0.05826141007420774,1.2567721988804479,0.04986454686653035,2.9311506040559907,-0.8602031849357082
0.08129870379000281,-0.05847060149415891,1.2572689647079676,0.05061945326825452,2.9325110527043057,-0.8559798785805671
0.08131988972999227,-0.05834487350027047,1.255902364456234,0.05068381983784414,2.9317230069488627,-0.8597279840819173
0.08129322569680845,-0.05831790734158951,1.2567569384916184,0.050065159406342166,2.930977224766309,-0.8587964321897543
0.08122119116577094,-0.05841064010408993,1.2568530310623347,0.05105519660843425,2.9308461090410614,-0.8574018845397195
0.08131665462637888,-0.05826343124261949,1.256811987968304,0.050312880608566105,2.93199439796471,-0.8606071259396529
0.0813356387016679,-0.05836841821102157,1.256717966603705,0.05071156288683055,2.931654309700578,-0.8589279228549962
0.08141298676580863,-0.05822648940180832,1.2566009530432618,0.049101438869045125,2.9317917487583345,-0.8614082077295765
0.0813123745853224,-0.05823204034699591,1.2567111841245682,0.05020682220114492,2.9308091773817635,-0.860960296984133
0.08133766467403712,-0.05829889178056362,1.2563582639373705,0.050084844537615525,2.9311713860171427,-0.859955553874448
0.08132696421445339,-0.05824383241994181,1.2576892446709569,0.04992144742122907,2.9315384722553848,-0.858967073010436
0.0813001025089393,-0.05825052343173043,1.2570034353546518,0.0507187820262467,2.9312516475020596,-0.8618628622298681
0.08136907926224221,-0.05830611119969295,1.2562850442048257,0.05032428028547551,2.9318611420054803,-0.8620758707525626
0.08134784155789418,-0.05841165463623208,1.2574645977039367,0.05025631631187352,2.932233645620641,-0.8566711562848921
0.08139547380275006,-0.05833521184465297,1.2569291727599832,0.05004327841727628,2.9328268432969553,-0.8593393020598747
0.08134075139385795,-0.058400968811918086,1.2564899564745322,0.050455313042657934,2.9318609923033887,-0.8572931567977955
0.08133147249273735,-0.05826546361797123,1.2577154569591273,0.04934332499217267,2.932159000712084,-0.8588064760351547
0.0813258576684451,-0.05838012370434001,1.2568933139836092,0.050784429028839354,2.9322135330969394,-0.8591915831806468
0.08142056375111847,-0.058328255053710455,1.2571809301945793,0.0500335755596231,2.9327364580184385,-0.8587746049608935
0.08128005865498333,-0.05821452117598867,1.256853438219941,0.050327467882339494,2.9304693533536788,-0.8610556547686817
0.0813834848420716,-0.05836149359685114,1.2561290387402213,0.05027454841542302,2.9323602879418624,-0.8600345726757184
0.08134256496221946,-0.058299406315708235,1.257065998161141,0.05016644542650562,2.931891211704441,-0.859501097017976
0.08133590148083233,-0.0583314483699536,1.2575575102759915,0.05021722056007498,2.9324934126757434,-0.8585677432010342
0.0812123564143208,-0.05825490791938157,1.2564546700598056,0.051061610367267155,2.93015393311934,-0.8620947857343143
0.08131231529026202,-0.05838840284045241,1.257860053745117,0.05024631149582195,2.932147958900293,-0.8559381328433232
0.08138674792449088,-0.05839109956113897,1.25750834979334,0.050571366569567754,2.9328192304440357,-0.8582867796199999
0.08131457626188648,-0.05844334049648026,1.2574182926884057,0.05052111965913632,2.9326734808915775,-0.8568457483932538
0.08136898018078521,-0.05827785953629508,1.256632954465214,0.050349630781747035,2.9322123275889824,-0.8619594691713011
0.08140641805951726,-0.0583960537499929,1.2574944876595688,0.05073084949377424,2.934073694915925,-0.8591201138550136
0.08127605244210069,-0.05833987599248727,1.2577215203596588,0.05070465742707151,2.9311409918176823,-0.856730028409515
0.0812310321649631,-0.058456474491073024,1.2570645233604625,0.05139243449339932,2.9319544110462723,-0.8575576857286678
0.08128118546372116,-0.05838499405171836,1.257014605930765,0.051197634346103,2.932537558232815,-0.8605446274223512
0.08129782876781018,-0.058238962361495256,1.2566555275829105,0.04987272892403043,2.930599257019966,-0.8605478975186925
0.0813355597499057,-0.0584564979151974,1.2576066838985969,0.050568392434950184,2.9333701802679495,-0.8564475200415214
0.08137630471859998,-0.058436618061436484,1.2568838666577058,0.050974878448522595,2.9328315747341716,-0.8580813611414585
0.08134822309580819,-0.058371117038593275,1.2569022051357681,0.05070690975279743,2.9322819687359307,-0.8604227503575925
0.08127597815858828,-0.05825713026540692,1.2571228044599454,0.050451174145784594,2.931456889625979,-0.861574929800315
0.08130995316494573,-0.05829638722148693,1.2569992379535475,0.0505847123594638,2.9308791693558565,-0.8602441319171594
0.08128609541592706,-0.05838496443023484,1.2573997676920419,0.05096215061443992,2.9322407759864437,-0.8583852005005728
0.08126580804265933,-0.058288455613773556,1.2564666232172095,0.050914017847382045,2.930447011758038,-0.8608834949992759
0.08131259137807993,-0.05837754310160302,1.2575091565925711,0.050282818838587144,2.9320773821687856,-0.8570811327976156
0.08126892596011505,-0.05834956464365115,1.257496745717515,0.05059808492230332,2.9313655810235493,-0.8574996222910147
0.0812819660562875,-0.05835888355925674,1.256888928374704,0.050735599163785464,2.9319955585715993,-0.8599230802271397
0.08130389283618787,-0.05834825967666161,1.257802138967788,0.050274481420918345,2.9321901782082325,-0.8579580189681864
0.0813261631235926,-0.05835996703570675,1.2569756831134606,0.05015212901545252,2.9323747682292165,-0.858079053380238
0.0813261631235926,-0.05835996703570675,1.2569756831134606,0.05015212901545252,2.9323747682292165,-0.858079053380238
0.08123382642346919,-0.05828165991487916,1.2565753471894965,0.05092158672013508,2.9300846563430896,-0.8610956616945646
0.08130379116277603,-0.05833630212472101,1.2575146524896137,0.05045182630992856,2.932195268581947,-0.8589473163508654
0.0813749736232101,-0.05836998157093689,1.2572366344141803,0.049885622463943374,2.933512482104571,-0.8593490575773677
0.08122756798039883,-0.058294095796305546,1.257789641769568,0.050515228641164076,2.9304849354751625,-0.8585346688367993
0.08127116845806226,-0.05841657096162999,1.2574026714193642,0.050604066430247056,2.9321900844747373,-0.8577627540276579
0.08124725039235488,-0.05829911943106008,1.2565985447653776,0.05066442609813657,2.930754123998748,-0.8601598024467051
0.08134405954953751,-0.05826587261278137,1.2568993939258153,0.04948328355547325,2.9313235183478046,-0.860231172938923
0.0812662491041059,-0.05836178726136901,1.257894532928421,0.05020533045384869,2.9312989619764727,-0.8565947411025994
0.08125837937145093,-0.05838304263770242,1.2571621045508659,0.050944315825003014,2.9312570413395775,-0.8575371569417277
0.08132779133722123,-0.05827751946011262,1.2571539652067372,0.049735692529566215,2.9315676183958015,-0.8597820497569039
0.08128580627687967,-0.058314690616207795,1.2573939858035252,0.05020497095047228,2.9310447789700547,-0.8583629792360288
0.08128580627687967,-0.058314690616207795,1.2573939858035252,0.05020497095047228,2.9310447789700547,-0.8583629792360288
0.08128589004368249,-0.05832925126076684,1.2560552891742698,0.05116692659569819,2.931326036736249,-0.8604541746430018
0.08133295643363365,-0.05813140234672063,1.2567372862412325,0.04940324510245234,2.9303149706566867,-0.8621518876158413
0.08127502926490492,-0.05821037334397299,1.2570512154445752,0.05001833231144478,2.9317611423110126,-0.8609872280283705
0.08128247147607016,-0.05829798423729933,1.2563890084441676,0.05046909103575244,2.9317003103931194,-0.8602262761720852
0.08135596768017875,-0.05827458951581277,1.2561912317838337,0.05021369503217833,2.931737327349861,-0.8609808086061846
0.08131039301682735,-0.05826073431575205,1.2569467253237774,0.049860283002006844,2.930780855336845,-0.8588661438674456
0.08136728130289611,-0.058332815783491365,1.2569089129605922,0.050286991468802646,2.9327312807939188,-0.8596043966864448
0.08133081784051292,-0.05825781556536959,1.2565548029696891,0.05088305641222704,2.932895088663395,-0.8616057570276604
0.0813984980781554,-0.058234538698844165,1.2565220606235346,0.04950617532291281,2.931834670834212,-0.8606542702246135
0.0813984980781554,-0.058234538698844165,1.2565220606235346,0.04950617532291281,2.931834670834212,-0.8606542702246135
0.08134063670717505,-0.058304068414735136,1.256120201415397,0.05035038910155697,2.9318706927586935,-0.8610791402436214
0.0813905236836853,-0.058245145267003154,1.2563814016679515,0.04974355525604082,2.9318061029565965,-0.8618543137640136
0.08136735120584497,-0.058304606894742976,1.2565305661401025,0.050072308520798664,2.9323213389602043,-0.8599001377519534
0.08131874216199883,-0.058291995675891814,1.2569697191193734,0.050865997967876324,2.931947682794195,-0.8597536311856989
0.0813884811901711,-0.05812848020870506,1.2565301210302333,0.04939844388597804,2.9312682503390732,-0.8624638965783273
0.08131118190224973,-0.058400364672912736,1.2574224636046674,0.05064833544737068,2.9332113773378077,-0.8585924640455833
0.08125316785897801,-0.058206886759116505,1.257621398850115,0.049388198124335314,2.9306408484057145,-0.8586467238557983
0.0812998222588158,-0.05820646090545328,1.2561696612278115,0.050034746210238214,2.9303024979689645,-0.8619573289092876
0.08141423129571695,-0.05835085462020653,1.2569073524790952,0.049837173537577883,2.9327937324379736,-0.8590242554645183
0.08141423129571695,-0.05835085462020653,1.2569073524790952,0.049837173537577883,2.9327937324379736,-0.8590242554645183
0.08136704995247225,-0.05822453204199796,1.2562945778768293,0.04977447359364985,2.9314725791859417,-0.8620553947402173
0.08131614250298877,-0.05819608984635842,1.2562495441987132,0.050234023902319756,2.931082184286548,-0.8632773349382767
0.08138524364521159,-0.05824763132720048,1.2569272280006618,0.05039487201413878,2.9334370173030795,-0.8628287412517017
0.08138470113123489,-0.05825298914144982,1.2569530174901784,0.049893180752174665,2.9324677312731677,-0.8616180628925123
0.08132116427036422,-0.05837413492350752,1.2566262814862004,0.05072575993526832,2.9333990484704153,-0.8600700104933434
0.08130199373403663,-0.05815307935056746,1.256001596064212,0.05066696204960701,2.930306437438473,-0.8637313961422081
0.08130671426973578,-0.0581612291790527,1.2565333533102956,0.049563135336387176,2.9312697950054467,-0.8614533719537408
0.08137234056594116,-0.05833845181789163,1.2563928674469147,0.050268216676962414,2.9325919366332447,-0.8601971807818247
0.08134460610546547,-0.058329281421345525,1.2572408789792395,0.050747429880019186,2.933424600774326,-0.8591981669967362
0.08134460610546547,-0.058329281421345525,1.2572408789792395,0.050747429880019186,2.933424600774326,-0.8591981669967362
0.08130153965349123,-0.058308845540571454,1.2563083693059687,0.05053660545667092,2.9318832918633224,-0.8609158431162479
0.08136364648471595,-0.058346662041596706,1.2574282819356033,0.049874433492065474,2.9322504728501784,-0.8576917395041677
0.08136422512175451,-0.05829991245146069,1.2575259757946458,0.049883614946406724,2.9321794319491046,-0.8582590136295406
0.08139771599069245,-0.05821966460678117,1.2560467953966217,0.050028861467696695,2.932091702618637,-0.8632738892004438
0.08138328355093366,-0.058355725547170285,1.2564720288063818,0.05069277046415533,2.9334224134095814,-0.8603400470756487
0.0812956496728935,-0.058481378406734855,1.2570577129337654,0.051540536824825414,2.9343511303658687,-0.8580174485808918
0.08132457324168349,-0.058190239183546745,1.2570417861118328,0.04974425909392918,2.931510843122699,-0.861524860498967
0.08124384376188333,-0.058269751025809266,1.2566680426497934,0.05049936889530038,2.930751903188426,-0.8600531587552867
0.08132839508159227,-0.05829401299932194,1.2564915459501276,0.05085309278998962,2.9323722121202174,-0.8597905755094569
0.08138741395205437,-0.058272326738216675,1.2568213365066105,0.04956230678507695,2.932190272826541,-0.859583416842577
0.08138940210477213,-0.058340875366161477,1.257039637901089,0.05027644033677721,2.93349501877603,-0.8599784535493499
0.08133881346397705,-0.05840075449690546,1.2577938557664916,0.049805413070451846,2.9339705678365178,-0.8569322204374836
0.08139282642826631,-0.05821657846508526,1.2561450789833892,0.04951439345576759,2.9321018118257127,-0.862981693264167
0.0814054498576876,-0.05826367500209877,1.2566933922542594,0.0496679380456653,2.9327121718663536,-0.861278147035629
0.08143641469887287,-0.058375210878429847,1.2569092892381843,0.05033757341594962,2.9338523074547367,-0.8603161837544567
0.08138219638888282,-0.058275779963679365,1.2558768104759663,0.04995605958498406,2.9317574005478124,-0.8613836950738109
0.08130022317665184,-0.05834341562072948,1.2564485731946355,0.05005447356971314,2.9317393667093246,-0.8584679169986048
0.081416363786624,-0.058282269982492245,1.2564996256144618,0.04993823020753734,2.932035001994699,-0.8615265999103338
0.08141756601196555,-0.05836646091612385,1.257079376627846,0.04987737276467652,2.9339014746161305,-0.8585272084313575
0.08137505832063152,-0.05831110245804176,1.2569875832706445,0.04995614315075309,2.932943582008261,-0.8606255923759236
0.08134270192732604,-0.05829101306707005,1.2563512394449885,0.0502532906618044,2.931849734367082,-0.8606475374634377
0.08140228253590201,-0.05819249050789604,1.2564680640622792,0.049847562985828354,2.931467403586785,-0.8619284749624906
0.08138793938949158,-0.05824193494319679,1.2565472670215747,0.04943197447094345,2.9319717729127217,-0.8616851870145049
0.0813493715177186,-0.058213929250448194,1.2566425574615074,0.04983807843142604,2.9314990561974184,-0.8618705313767597
0.08132090738110322,-0.05824765914236532,1.2562200561236265,0.04980521894668482,2.9306105826895195,-0.8595118705225944
0.08137910160707928,-0.0582798586389847,1.2573492160050306,0.049367372475108674,2.9331707113499395,-0.8589341060395576
0.08137406855522647,-0.05835909236730246,1.2565509962668773,0.05089044626229208,2.9340234234316096,-0.8609020705707708
0.08136738597391663,-0.058304124169047164,1.256993930330412,0.04993001154487713,2.9321269185341676,-0.8599885915012994
0.08135099991147718,-0.058269169711538046,1.2568283627654873,0.05054581901183267,2.934063891486688,-0.8622870176449762
0.08144009705199196,-0.058241475076252665,1.2563027189930798,0.04987893734499635,2.9322733113498862,-0.8618958186729856
0.08127735859029293,-0.05827402264239501,1.2559705028071464,0.05097544936644492,2.932237115254597,-0.8617399754922225
0.08128463154524038,-0.05838503719390733,1.2578769064601494,0.050957060377259486,2.9336841923685957,-0.8562884019943162
0.08138437748698052,-0.05828032225358999,1.256844973895417,0.04973963183542196,2.932241251062166,-0.8605279420410136
0.08133263203571373,-0.058248027694352764,1.2564978417461068,0.05034900455483693,2.932918677521393,-0.8619378995376628
0.08133719211734913,-0.05821692535772172,1.2563507645823586,0.05008668697366715,2.9316027566080307,-0.8626066268462117
0.08139049292359543,-0.05828122005614653,1.2563428838529145,0.05024092985241718,2.9317251320678155,-0.8615646435860207
0.08133717446120924,-0.05820181579615001,1.2570152113404562,0.0495492054945165,2.9314184297562567,-0.8616511297377311
0.08133304112288994,-0.05825364250639179,1.2566512920192285,0.05055012403814942,2.931932401308187,-0.8618018185592408
0.08141426794006358,-0.05826313049407744,1.2566334916861162,0.04944839983179658,2.932762643583869,-0.8610150658347477
0.08137109419048887,-0.05829839981756821,1.2569640603129042,0.05000133328045381,2.932532086640952,-0.8608597523149485
0.08138364061037098,-0.05819772802572565,1.256909735776319,0.049467807132513926,2.931193605628239,-0.8607727248495002
0.08132290578089327,-0.05820607930520907,1.2564673458741282,0.050033451275708546,2.9312440648663185,-0.8624688067999718
0.0813034882177975,-0.058370509917506065,1.2566236418699506,0.05085972555449155,2.932208149833961,-0.858915892614522
0.08135016409435557,-0.058331006902675064,1.256714395466488,0.050244695877839245,2.9325634114420525,-0.8609837157736365
0.08134328750092941,-0.05837205276133116,1.256815846882974,0.05008876798816355,2.932461684672985,-0.8587133919820992
0.08134118661660172,-0.058243562485162596,1.2563012589130862,0.049732989053502666,2.9313394678235265,-0.8618218141733198
0.08136324081706958,-0.05827644560815949,1.256581613036274,0.04985733627009868,2.9321338013218208,-0.8603021699572906
0.08138311227930017,-0.05826594739254105,1.2570121212115053,0.04968306281431417,2.9327649181439837,-0.860834899094103
0.08137743141496209,-0.05830734807713636,1.2570229182183723,0.050146999572162065,2.9329620807785775,-0.8599753864030871
0.08134390211111517,-0.0581808535931667,1.2570794936657648,0.04946900733269693,2.9314714505430812,-0.8615870736116814
0.08133220184364706,-0.05826990229155407,1.2565904895097444,0.05013502337849252,2.9318590956365624,-0.8602507575544169
0.08139840831065545,-0.05823740150050541,1.2565934775576706,0.04928373215883388,2.9324687461247434,-0.8615016797575693
0.08129831647905907,-0.05824574007918005,1.2567751321310927,0.049606441996689524,2.931350015053145,-0.8598102449830514
0.08138841864446442,-0.058224938898076624,1.2567256225857364,0.0496409812293728,2.9319875256361603,-0.8605399262673764
0.08136918217250519,-0.05822628334699627,1.2565987035095472,0.04980771141707366,2.9314766231217213,-0.8612977576874428
0.08137285024926656,-0.05834819299613109,1.2572535477314772,0.0504077875305065,2.9328710648957674,-0.8590349802456406
0.08133474012999838,-0.058389726427818776,1.257543773858476,0.050337010280488065,2.932862845894429,-0.8577412281877945
0.08139837437510919,-0.058203468248204604,1.2566254654978677,0.049442812809926504,2.932028657415587,-0.8619166766928615
0.0813589641045415,-0.05827868441779521,1.2561326514256987,0.050487148974851175,2.933219161189268,-0.8623362276007398
0.08140504029460278,-0.05836506765457926,1.256940625639734,0.05019729347947697,2.9339814824293717,-0.8587458139981838
0.08135890496840532,-0.05833004186913892,1.2566392918128415,0.05025547264612731,2.93254950656047,-0.8596181620183763
0.08130746466006027,-0.058317586331413776,1.256668518617125,0.05007513480773875,2.9322512874431137,-0.8595554062704989
0.08140761700013535,-0.05820292427271417,1.2564831285750668,0.05002786791798725,2.933383711149358,-0.8627664092321223
0.08137027784960636,-0.058275837589891195,1.2562504146751896,0.05002719897229462,2.9322163562564736,-0.8605729663354318
0.08131860492195679,-0.058363031191119935,1.256542638681517,0.050791352305170324,2.9321879492829455,-0.8594640629175794
0.08135744558125184,-0.05817007416847165,1.257115165474541,0.050082410594864395,2.9323477308344557,-0.8618855252765094
0.08124690566870459,-0.05824152168820426,1.2572981511187191,0.049961696316076984,2.9308221192374613,-0.8588144442621125
0.08126192232981116,-0.05828869612264969,1.2574734960106537,0.04962529589214436,2.9316602027758054,-0.8585524994513144
0.0813461782374094,-0.05828482088887062,1.2574910544379472,0.05049029815871885,2.932945991392777,-0.860437023250189
0.08128674470627331,-0.058305984900612326,1.2568647287787424,0.05014921511246077,2.93060009127704,-0.8585929991502472
0.08130707170818248,-0.058326628202527465,1.2570849464124894,0.05010970416115778,2.931871080500768,-0.8589482672190443
0.08127116643130038,-0.058279815652940145,1.2571079278284842,0.04995250836967068,2.9314526860397603,-0.8601062012013678
0.08123634936735025,-0.05834708699439566,1.257266405914971,0.050828685857715175,2.9308311949699113,-0.8570911583033299
0.08133356961138911,-0.058294761288657806,1.256797957951449,0.050002852965646716,2.931520938063739,-0.8595332328566118
0.08141417191415948,-0.05831161382429132,1.2564368323323714,0.049840109844219056,2.9324076706744675,-0.8599353026894211
0.08133345784530813,-0.058143620638084294,1.2564489574686448,0.04932781840036682,2.9305526000795132,-0.8620757220523246
0.0813748033738582,-0.058207070076371936,1.256519561274513,0.049572665729284954,2.9318062538228533,-0.8620323514120516
0.08124366855683778,-0.05832674413797322,1.2564431944709957,0.05070797499277018,2.9315148518621292,-0.8601845171909563
0.08129016554073737,-0.058137425196422614,1.25692224515934,0.049809061589110463,2.9303529665927894,-0.8622131689544732
0.08128318526050454,-0.05828718929682071,1.256996967450339,0.05054935590332432,2.931134092734393,-0.8589769801702581
0.08137339943478437,-0.058140970836127466,1.2563880847545128,0.04916241777802038,2.931305370826867,-0.8625897521238021
0.08129050837847042,-0.05833930680029898,1.257799301284437,0.05012251908917216,2.9327393057383895,-0.8578701848563729
0.08130816929980943,-0.05827748751769933,1.2560874770279458,0.05031407606955076,2.931467294456751,-0.8621462578586597
0.08136006597830572,-0.05840514834889367,1.2576756626739305,0.05004549916295417,2.9333546380494298,-0.8567997469184127
0.08126473468584626,-0.05832590887829888,1.25705772871445,0.05023150601517196,2.931403158889827,-0.8587874540020696
0.08126875561379412,-0.05839883140388458,1.2567043735937042,0.05086341165726554,2.93225843309106,-0.8578356078598318
0.08140345194933557,-0.05825827194789238,1.2572028364548096,0.04921519113735249,2.9322221015203467,-0.8598707542271288
0.08131143591396894,-0.05829586851417419,1.2574053727310277,0.04949352008583966,2.9318335338668673,-0.858173460814818
0.08129787529666174,-0.058306632851906626,1.2565867090546057,0.05074603558256333,2.9315200730057582,-0.8602928903115732
0.08129787529666174,-0.058306632851906626,1.2565867090546057,0.05074603558256333,2.9315200730057582,-0.8602928903115732
0.08131946537395744,-0.05829687688711848,1.2574088548335172,0.049662645679750074,2.9321430104879127,-0.8586774819912577
0.08135566925684916,-0.05826251649140178,1.2563059207705216,0.050269276272422884,2.9320268242724845,-0.8618085034076377
0.08141644003516053,-0.05834946560185573,1.2570787006404416,0.049834985423634584,2.9337822695326206,-0.859165788500922
0.08138498403065197,-0.05826864277931194,1.257144780892255,0.049397200636163985,2.9321616903297163,-0.8603825587705041
0.08127683553858464,-0.0583470411696921,1.2581089421488976,0.05043463272266054,2.9317165194535026,-0.8567313749532266
0.08130163683520744,-0.05835215578201906,1.256821006448457,0.05025803832427309,2.931838286688485,-0.8587234328203271
0.08138489184469673,-0.05822049742947068,1.2572406175169493,0.04935075087673487,2.932826815189753,-0.8610120570445627
0.08132014876339183,-0.058185578813052724,1.2570154084826597,0.05008283739084557,2.9331600885424924,-0.8625970211895714
0.08135578308175355,-0.0582937968487092,1.2571509112699366,0.05012703882110577,2.932427444606239,-0.858936271135953
0.08135578308175355,-0.0582937968487092,1.2571509112699366,0.05012703882110577,2.932427444606239,-0.858936271135953
0.08141492546205861,-0.05828422398979192,1.256792140134169,0.049872196533455815,2.9342329160539813,-0.8610543208136876
0.08138533121545999,-0.05823604371467314,1.2571852723458536,0.050387539641796514,2.9337093120079665,-0.8618222526909274
0.08137342696596576,-0.05823884761103661,1.25674339784809,0.04944878663666093,2.9317461136456697,-0.8603542428090892
0.08127497706760543,-0.05830982878607686,1.2572731570156703,0.05005291244406939,2.931811885735828,-0.8583315575827164
0.08135190279824123,-0.05818881025668102,1.2562023783986527,0.04969452111140194,2.9313742939286906,-0.8619423295413275
0.0813651261550688,-0.058259769100867956,1.2565973226917093,0.05007136017783598,2.9319807501978996,-0.8615545570348105
0.08128820249333554,-0.05841065466830319,1.2577511617029373,0.05064921908678891,2.933540664316087,-0.857223096452502
0.08130495655998164,-0.05823757148172707,1.2571170566842849,0.04982254357655865,2.9314137191021947,-0.8592804065765476
0.08139794240477054,-0.05830353694842257,1.2568110400217445,0.049577057966359736,2.932648153034162,-0.8600231076983436
0.08139794240477054,-0.05830353694842257,1.2568110400217445,0.049577057966359736,2.932648153034162,-0.8600231076983436
0.08132599705150331,-0.05839121228626561,1.257587606024928,0.05003825117886156,2.9337736189452346,-0.8576520113589596
0.08128442102087363,-0.0582131456750567,1.256758726612589,0.05010965263571536,2.930708813758345,-0.8609125352246305
0.08132752350320682,-0.0582207351440472,1.2569262892253947,0.04965327582810628,2.9316737085278306,-0.8606175527770614
0.08131967025015834,-0.05827516534277122,1.257420568602212,0.049982457276492094,2.932617694855493,-0.8594390674487635
0.08136991676672899,-0.058128613692739785,1.2565148640804196,0.04998387415903663,2.9318377647672853,-0.8632785988799645
0.08135340032984731,-0.058358571284287744,1.2571302760118763,0.04990067338895845,2.9333925729800603,-0.8582222759288253
0.08132405567042783,-0.058294751442060075,1.256579166365997,0.050363411266715966,2.9321277369797265,-0.8603963847280892
0.08139722285119262,-0.05826298079262326,1.2571188031957792,0.04925358157074561,2.9334614913443207,-0.8591932486535565
0.08127698033796912,-0.05818218191625562,1.2568198384761775,0.0500217126653538,2.9310648856521246,-0.8613113594465319
0.08127698033796912,-0.05818218191625562,1.2568198384761775,0.0500217126653538,2.9310648856521246,-0.8613113594465319
0.08136071051710735,-0.058236661031904696,1.2571971242265416,0.04930376025837478,2.932536381721126,-0.859804073188819
0.08129091554154332,-0.05835570804547325,1.2573762958065224,0.05109976659905963,2.933834954118015,-0.8575091463066274
0.0813909890545072,-0.05830013496148087,1.2571311940012706,0.049797194858763806,2.932849287915566,-0.8593448650505521
0.0813028468402039,-0.05823853642022059,1.2571653258074986,0.05017689323457723,2.9329662929770346,-0.8605188978571799
0.08131142565390735,-0.058203572013159566,1.256603808271219,0.05027551664059966,2.930975841521856,-0.861591093378735
0.08130043384495592,-0.058253544590610364,1.2570897539930894,0.049965117925110554,2.9311576524770486,-0.8589029588086746
0.08130188750179146,-0.05816357294257356,1.257247381208716,0.0495341495098767,2.930928704012468,-0.8609515375085459
0.08135285047166789,-0.058333986390327906,1.2565448163068218,0.05000602475024076,2.932095877155531,-0.859058413638108
0.08133682383091766,-0.05821777985837382,1.2566719296805304,0.049966459646520474,2.9329298963061823,-0.8621871643315306
0.08133682383091766,-0.05821777985837382,1.2566719296805304,0.049966459646520474,2.9329298963061823,-0.8621871643315306
0.0812539722235887,-0.05817912272065785,1.2570943383639483,0.049817393679145845,2.9305705937650948,-0.8598581676454747
0.08135347097473686,-0.05818924118596411,1.2564061669125615,0.04974072759797324,2.9308417721964464,-0.8615472483640136
0.08131072272458828,-0.05828196094198734,1.2572751999997291,0.05020723657834123,2.9322517837637205,-0.8593999563030116
0.08129490459321699,-0.05843081523462032,1.2574976771677164,0.05095255423566189,2.933698481332703,-0.8566378408239065
0.08129642496833829,-0.05821394041153806,1.2565968295344172,0.04970448871327294,2.930483757880555,-0.8599329743526521
0.08141955674065957,-0.05826853338353047,1.256376632953733,0.04956146662033551,2.932511097525704,-0.8608273730050374
0.08135447744786768,-0.05829400146056989,1.256921441213774,0.050903165935521834,2.9334301453796088,-0.8622021636604428
0.08139694133673611,-0.05821169086909614,1.2566168337941868,0.04981696318520362,2.932253160074792,-0.8626501412996617
0.08133435294437419,-0.058288869890436336,1.2570604109587924,0.04979397931558712,2.9330169740532743,-0.8601617661232287
0.08133435294437419,-0.058288869890436336,1.2570604109587924,0.04979397931558712,2.9330169740532743,-0.8601617661232287
0.08136365586878698,-0.058369959627763986,1.2571197680370434,0.04993830515856318,2.9324696412200284,-0.8572285626209769
0.08128301370621066,-0.05818721502243136,1.256599061493269,0.050514104195253866,2.931401525228199,-0.8615641659744387
0.0814050070008476,-0.05827264077672844,1.2560264234154555,0.05001754768977069,2.9334769896815245,-0.8621375597312326
0.08138234302936136,-0.05827974412848748,1.2568126198351508,0.049999389471302544,2.9327380933589566,-0.8607812387424353
0.08134181191157507,-0.058138429806401146,1.2568069608851817,0.04926143054980429,2.9309327072352787,-0.8615279658116687
0.08132488389327719,-0.0581001364261688,1.2566884551747206,0.04938454804509629,2.930608170354235,-0.8621191620102842
0.08131707613342654,-0.058230141646542014,1.2567712440345478,0.04988240855945512,2.932892656476798,-0.8616330437590971
0.08139231550524849,-0.058220988963643514,1.2562723218467944,0.05016429623035326,2.9329507301707696,-0.8622813940548512
0.08131368900500033,-0.05839068804985298,1.2567164525069152,0.051072326028144155,2.933906227894692,-0.8596690169197604
0.08133187596413717,-0.058316950447306656,1.2564895420285056,0.05035487172272533,2.9324721011939174,-0.8604367532570187
0.08137950158293926,-0.058250967675700885,1.2560946290535104,0.04986088840312221,2.931648750251255,-0.8608112662961962
0.08129048039351264,-0.05826073056282264,1.2571126270884745,0.05043036310446672,2.9327105724737863,-0.8603259663079887
0.08134267769160575,-0.05815768120866595,1.256681999510322,0.04977618922269957,2.931530702972813,-0.8617932135205648
0.08142527982075712,-0.05826243718630046,1.2572287168395349,0.0488897614714463,2.9318826458460405,-0.8586126926275043
0.0814165619191913,-0.05825472770084812,1.2563723987396906,0.04956462400933263,2.9330127955440726,-0.8609112872619916
0.08129033456444011,-0.05824283054109345,1.2566283918945635,0.050866329966563095,2.9322023226767477,-0.86142384911156
0.08134377851315737,-0.05822120834857303,1.2563448930254406,0.04985403165309999,2.931412091309473,-0.8612776929774456
0.08130601638491335,-0.05824165120264143,1.2563363288250236,0.05046033188242421,2.932619556259631,-0.8622769115341274
0.08132816734176274,-0.05829356678221728,1.2567098914500578,0.05001555746378984,2.932292671092134,-0.8606702030722241
0.08129865944629545,-0.05818663037973679,1.257257296215155,0.04941600570121131,2.9306518074519516,-0.8595091102738488
0.08123413031051752,-0.0583138874867365,1.2574890281789597,0.05049276620721593,2.932739796457214,-0.8582749073849932
0.08130712645188401,-0.05825384703911163,1.2561872860188394,0.05080316371521441,2.9324958076830696,-0.8622330590207409
0.0812991082041241,-0.05829272331675778,1.2575303263466526,0.05014208151560542,2.9325085996335054,-0.8590338032557913
0.0812359745873049,-0.05829866544348155,1.2573770481681243,0.05069166410203264,2.931581058338302,-0.8577103189426589
0.08136313868698905,-0.05817561271196244,1.256811101677519,0.049521828364936696,2.9313182603586,-0.8613763036451803
0.08130955726025746,-0.05822873083119914,1.2571813961669764,0.0494077506966463,2.9322115086504073,-0.8597859101594458
0.08135019504026593,-0.05826003183741603,1.256807287895833,0.050735977959823625,2.933349160474083,-0.8617887830680834
0.08135204060783514,-0.058238532487496164,1.2567624071524652,0.049991582678822484,2.9325029177361746,-0.8618838066771808
0.08139869697550205,-0.05822233792375028,1.2561251500784358,0.04952599060307433,2.9325519289834214,-0.8620279192228468
0.08143420069569964,-0.058301812114338235,1.2566282047066448,0.049501695837857816,2.932736865893338,-0.8601313917487438
0.08133129939675744,-0.05820549139121356,1.2561631967352822,0.049866697392257846,2.9312673948104644,-0.8615923473518903
0.08138456965856541,-0.058342311715848465,1.2575549387790614,0.04989996259455822,2.9330283893838236,-0.8580611379115581
0.0812862107167229,-0.058342131472684376,1.2569869336020882,0.05057572055284489,2.932869870892781,-0.8583627375714086
0.08136756688560823,-0.05813137794275884,1.2568940839182794,0.04937423502073946,2.931465117973478,-0.8616808712646334
0.0813488304431002,-0.0583068459260884,1.256759921048806,0.05017841822089719,2.933090463940848,-0.8595111597727638
0.0813675638294831,-0.05821257745041635,1.2567230475596594,0.049949645137695474,2.9320146106061187,-0.8615012264012715
0.08137480990498337,-0.058388481052482795,1.2562636735053312,0.05047810719023113,2.9333549864975748,-0.8598045548877807
0.08124537397445293,-0.05840032665523933,1.2573682674826618,0.0513030695433858,2.933158145187778,-0.8574636415762712
0.0813286250070795,-0.05828574922562207,1.2569998838901255,0.049702238991343586,2.9323303344818736,-0.8592891141443698
0.08138115124780748,-0.05834868301860145,1.25721085438257,0.05030251662787088,2.934416403490801,-0.8595002305712068
0.08126665326700393,-0.05813250745801769,1.2575565866281118,0.05038896851122416,2.930719922554394,-0.8608467906981792
0.08132608901616392,-0.058311742043245005,1.2575100576762293,0.04963933866740255,2.9317965682414817,-0.8570991073587783
0.08126132021410393,-0.058271108301983544,1.2573309657817808,0.04988296902895329,2.931332866775668,-0.8577982493035069
0.08127752762399473,-0.05812004207142365,1.2569230408556282,0.04966426161479701,2.9304060988137763,-0.861997670076703
0.08130729804924555,-0.05819914267725532,1.256932294367774,0.0502991763674018,2.93210961405692,-0.8604799940873424
0.08130634347393935,-0.058191715986658295,1.256554289110826,0.0499827699478863,2.9311821690295425,-0.8616643682926671
0.08130633123851003,-0.058283061157952086,1.2568348029942975,0.0499532604455471,2.9322438401065987,-0.8599086826491599
0.08133125262351909,-0.05817928723057566,1.256866142778318,0.049619404828885175,2.930898887008708,-0.8604497935197601
0.08132462102664587,-0.05817862047587712,1.2563544154867266,0.05051427000005042,2.9324456285760045,-0.8626325563122509
0.0812683871733606,-0.05811926482792882,1.257489172051249,0.05022435017477349,2.9310809428601057,-0.8611862337706213
0.08139224558632241,-0.05824347531563587,1.2562608855381052,0.04984957354397375,2.932471033303168,-0.8621759458523331
0.08132834148147569,-0.05821172439401389,1.2570191729616138,0.04983611850049979,2.931925220866426,-0.8603125286259654
0.08133576604365922,-0.05813766708410109,1.2563375381082564,0.04959412210761394,2.930946984647839,-0.8626921021595264
0.08128006174811983,-0.05821877312506999,1.2566474617347125,0.04956735079317788,2.9310802681062773,-0.860140219373239
0.08139100083920901,-0.058258392440742345,1.2568637849937974,0.04989063232412245,2.932858556384641,-0.8614356664754731
0.08133251079266521,-0.05829586289525329,1.2570430602013687,0.049810385560703364,2.9317702541115174,-0.858500787311627
0.08135808819847588,-0.05837402426086033,1.2577300544630827,0.049918864942195836,2.9334100743205735,-0.8566765081304994
0.08137116224108334,-0.05821209294842963,1.2568239343129846,0.04973795297787345,2.9333871687072994,-0.8610870076983226
0.08141058406442346,-0.05831953764407818,1.2569929560899853,0.05021097568513171,2.9343417114291364,-0.8591380347080382
0.08126978971842344,-0.058299601995946304,1.257438381045137,0.05017090384216578,2.9312329182400543,-0.8578943099960751
0.08137634080143985,-0.05823288246349537,1.2567181369314664,0.049377904009861105,2.9320220715551484,-0.8598891143685291
0.0813733285625461,-0.05824253011269952,1.2569346838039535,0.0496248353216807,2.932213820025256,-0.8603573478065216
0.08121171420109172,-0.05833572667767661,1.2568975574261003,0.050946285174918796,2.9314550925961207,-0.8586871099980214
0.0812874513370673,-0.05838774421399467,1.257312093848131,0.050802215043315585,2.9340561081481287,-0.8575896209543551
0.08134753312317408,-0.058382434128355386,1.2566661066892049,0.0501019014584597,2.933392207228333,-0.8591380802737
0.08133024245842027,-0.05824808703774918,1.2563570334774152,0.0502675725541647,2.9315473953965197,-0.8613229902943129
0.08129779481947384,-0.058244857508984754,1.2567203618526341,0.050329036212064,2.931495176141048,-0.8597752042068083
0.08130778648794255,-0.05827781329285997,1.256597432120514,0.05050989507877194,2.932285492087241,-0.8602701135596154
0.08125065322352548,-0.05824641211885872,1.2569262017082912,0.05018614475975278,2.9307614740705024,-0.859538406727488
0.08134110967864974,-0.05838533294657147,1.2575817224656531,0.05085832559528814,2.9345460700646373,-0.8564626987737904
0.08132078812042028,-0.05835376451509642,1.2569527419830084,0.050540831031986595,2.9331510977115944,-0.859169856860516
0.08124895773946215,-0.0582763790319864,1.2570461445857846,0.05072211898503797,2.9320867715266634,-0.8593122269446609
0.0812740937980166,-0.05827319257062521,1.2570597238084045,0.04984748655851744,2.931492279035133,-0.8585526257135445
0.08136175099080367,-0.05815201403234978,1.2566135625197787,0.04952237067913356,2.9318406294797197,-0.8629128749631668
0.08132891740491445,-0.05814619111007053,1.257152406850662,0.049261059758527896,2.9311443755052045,-0.8600609618421977
0.08131690908128217,-0.05815596194124991,1.2573149376657042,0.04922522138683023,2.93143068970068,-0.8608761917675523
0.081344723095109,-0.0581629263175699,1.2575018262281672,0.04915922035463175,2.932556489528201,-0.8600227873884068
0.08133012717577505,-0.05828333818746827,1.256809985886224,0.05060425510750855,2.9331577163204368,-0.8604864871209671
0.08129303564077772,-0.058214642113078884,1.2572643975704885,0.049675590611612114,2.9321484484989027,-0.8602176093795079
0.08132377150949857,-0.058168777247968644,1.2569904832625247,0.049313454637460445,2.931073477804686,-0.8601162234438198
0.08130356806795132,-0.05822642079045788,1.257179248157633,0.05006868636755466,2.932209276841968,-0.8598514101834603
0.08142020691311878,-0.05821657804487163,1.2562124768653224,0.05018827796432622,2.933818139530237,-0.8622912354687539
0.0813120738461284,-0.05823860349272139,1.257053863754137,0.04975794052157634,2.9313260437875512,-0.8588962590880855
0.08129162910104211,-0.05824903115778588,1.25734547929326,0.05031699028259812,2.9328653458960607,-0.8597341566692585
0.08137464786486848,-0.05828917916365562,1.2568885064966124,0.050039546883867976,2.9341564756165197,-0.8601538229228333
0.08126100668028229,-0.05814936840188982,1.2568159153817802,0.04986846774485191,2.930156073368123,-0.8608386912415269
0.08126385331712421,-0.058148265697386195,1.2570037042022193,0.04978437349010515,2.9303422840231717,-0.8606858162307636
0.08138413509500764,-0.05826233223195974,1.2569533918907372,0.05009052499697628,2.934363815052974,-0.8615197096779759
0.08135952945402888,-0.05815957497541739,1.2569387274059536,0.049891350964809345,2.9323868836333613,-0.8622223623615056
0.08131415724535236,-0.05830395438142101,1.2567638779428492,0.05024200833484398,2.9325057340725245,-0.8598158036985614
0.08130487759874738,-0.05825815481007919,1.2571706021128588,0.05064278627547915,2.9332451123351184,-0.8602374248141136
0.08130487759874738,-0.05825815481007919,1.2571706021128588,0.05064278627547915,2.9332451123351184,-0.8602374248141136
0.08129004726362868,-0.05835229168022952,1.2569557795862825,0.05095571404595242,2.9324918187444395,-0.8590157886519594
0.0812744577450162,-0.05816801780636565,1.256339822186154,0.05004428261481069,2.9299695604181926,-0.8610278295973556
0.08130427484021585,-0.05832167607570453,1.256429613332231,0.05097233558427079,2.9331541769908474,-0.8606815644041123
0.08127710786990809,-0.05816030103213469,1.257128091823953,0.0495747398486415,2.9315380242032147,-0.8608072147663524
0.08130366443803862,-0.05831002157211184,1.2565434787084109,0.050835487599366874,2.9337897006241596,-0.860549222963374
0.08133644466669991,-0.05826668692758204,1.2564524081237216,0.050048326908286804,2.931720284808953,-0.8601379268804357
0.08135692953349269,-0.058231854033343695,1.2567962570647042,0.049615693331589564,2.9323031112358335,-0.8610186505494877
0.08121034619327049,-0.058252121871054614,1.256546518732399,0.050591791949500566,2.931689331176468,-0.8598164463710418
0.08132379264432289,-0.058257986130934226,1.255987457961634,0.0502604358524504,2.931006537002831,-0.8608905318428571
0.08132379264432289,-0.058257986130934226,1.255987457961634,0.0502604358524504,2.931006537002831,-0.8608905318428571
0.08120377150791042,-0.058290194637110285,1.2574729577444053,0.05066909457652328,2.9321646540175976,-0.8590995134958967
0.08137820896437929,-0.05828101608714819,1.2565285300414546,0.05050569694188532,2.9334772529238653,-0.8609857110839982
0.081325682361124,-0.058234125197764976,1.256565834921479,0.05051905560416288,2.9330624862124206,-0.8613975219090181
0.08128836983215344,-0.05821670585604878,1.2566026693865417,0.0502837857795152,2.9318502274439266,-0.8613973070556528
0.08122620773026898,-0.05817758742734569,1.256262159684055,0.05099756297396286,2.9311315981315333,-0.862631757753588
0.08135846898199138,-0.058279474624863714,1.257742625767037,0.04963069034855423,2.9333854326710145,-0.8594078611128979
0.08127266275273902,-0.05823699538075763,1.256496800005707,0.050511008285730075,2.9320246347148213,-0.8601390780154547
0.08126002258191915,-0.05823671071344912,1.2569603963984615,0.05098530157119311,2.932929202603634,-0.8613518380316654
0.08127696613155692,-0.05822814112595388,1.2568401250314454,0.05031391335150995,2.9325863099666627,-0.8603851225965011
0.08134065711128055,-0.05828162506715815,1.256927365194382,0.05009069369123135,2.9336121302271763,-0.8596522664842496
0.08134065711128055,-0.05828162506715815,1.256927365194382,0.05009069369123135,2.9336121302271763,-0.8596522664842496
0.08130223335202302,-0.058123798645381516,1.2567317830932896,0.050144108630062134,2.9317580725115984,-0.8626250468518044
0.08128110855742333,-0.058261768384570874,1.2561377287833868,0.050184562971355366,2.930762898920505,-0.8604039740719103
0.08131546072250623,-0.058295015418707165,1.2573843144688874,0.04964564503721459,2.9326400453029233,-0.8586664547618039
0.08130285501032675,-0.05809960208559665,1.2569480919951608,0.04922684771713323,2.930297546805446,-0.8615255036741128
0.08123250517305594,-0.05822598219235923,1.2567119589558176,0.05085847265914514,2.9322776297503386,-0.860894058590888
0.08132601156056422,-0.0582457994265176,1.2567251290134909,0.05039507801703104,2.9331974809312196,-0.8616838295618579
0.08132750872417839,-0.05815862609609426,1.2570133340051894,0.049989838311370154,2.9319580266198044,-0.8622098827570814
0.08135388299073479,-0.05817070704110864,1.2570889447940714,0.048919906611021614,2.932287150508827,-0.8609893483820308
0.08132912969201267,-0.05824254467348418,1.2573227054598153,0.04988168988689121,2.933700879679202,-0.8609090506093423
0.08132912969201267,-0.05824254467348418,1.2573227054598153,0.04988168988689121,2.933700879679202,-0.8609090506093423
0.08127597996491517,-0.058299417843085385,1.257121221632666,0.05046758170911097,2.9328949044920285,-0.8589262056695378
0.08127554305123427,-0.05825107386188121,1.257046883119051,0.0497419427945087,2.9319921145370307,-0.8603255282816924
0.08130949430987328,-0.05826905157119981,1.255932274061144,0.05082822938223302,2.932855796031366,-0.8619384076223857
0.0812906437617385,-0.05828050974822095,1.2571868342882824,0.050385860987279596,2.9325737699504217,-0.8595652346168065
0.08125762466566855,-0.05831381976645594,1.2570268580286421,0.04994637319089312,2.9323469713060937,-0.8590213023149696
0.08132602527840925,-0.058152913333255715,1.2571117767284732,0.04983101939557167,2.9326007086903014,-0.8623161131719008
0.08127559499334787,-0.0581896672193938,1.2579208230348504,0.04954311730186697,2.9320450341257103,-0.8597312306920982
0.08129201500950364,-0.05822307655727363,1.2571716375772881,0.05035685760011322,2.932091203726183,-0.8598795470681586
0.08129201500950364,-0.05822307655727363,1.2571716375772881,0.05035685760011322,2.932091203726183,-0.8598795470681586
0.0812831040674717,-0.05823613653510125,1.2574331980186622,0.049535566165150945,2.93144748458639,-0.8586815687276642
0.08133037643930867,-0.05818754669896063,1.2565549957104891,0.04955869492413389,2.9307998203398355,-0.8613136750834675
0.08129267305610134,-0.05822543102413141,1.2571110511767443,0.049449026170025376,2.932135626279386,-0.8599592083540267
0.08128660257575321,-0.058170669111785284,1.2572543725388086,0.0495250913605086,2.930928058485245,-0.8595863531473562
0.08129355055947786,-0.05817497008951969,1.2579621382762567,0.049822185330432076,2.9327348298421327,-0.8604382573809435
0.08127113721115979,-0.058174769040428904,1.257097405279969,0.0503338470729838,2.931700512601836,-0.8606344425016047
0.08124405076379401,-0.05824196306350334,1.2572742318030943,0.05017276421372505,2.9319277614623447,-0.8599180060812713
0.08124405076379401,-0.05824196306350334,1.2572742318030943,0.05017276421372505,2.9319277614623447,-0.8599180060812713
0.08129970327477919,-0.05832393082161673,1.257338061192412,0.04982356776686694,2.932062241870922,-0.8569960894934476
0.08129685159403269,-0.058203132353163975,1.2577381492281492,0.04910077813550874,2.9322456328149014,-0.8589364586638347
0.08134813700026218,-0.058205755349628276,1.256971426772307,0.04992693344132974,2.9332951359234034,-0.8620208873095938
0.08126278429341106,-0.05818962530114678,1.2571699218410999,0.050151711437785546,2.9321197430228367,-0.8609146823495297
0.08126078414727671,-0.058216768665077426,1.2567473908788065,0.05057637184056704,2.931525399517775,-0.8605991930131275
0.0813054923512677,-0.05829221205159922,1.2573762440447802,0.050082134811812,2.9335976090504334,-0.8602111069624586
0.08133926488603785,-0.05818885928827031,1.2572152938974412,0.04936553069912357,2.9329001658991265,-0.8605642912186049
0.08133733815031989,-0.058208628383034755,1.2567508817511683,0.049899409059683486,2.931558299627525,-0.8607738687398799
0.08124300135959903,-0.058307273385530024,1.257750239216553,0.050057803164316336,2.932725705038275,-0.8578806676668326
0.08131513408992315,-0.058299203160405065,1.257443327481356,0.04992525787820207,2.9329448574823282,-0.8592046489364523
0.08134943373538506,-0.058273954741279985,1.2564724983363733,0.050078432224294984,2.9321023550285807,-0.860331935760193
0.08114888371178063,-0.058236343681657594,1.2573452471142281,0.050730776479383705,2.9311376980164296,-0.8593971581527662
0.08129868874052715,-0.05832916398734453,1.2572977737578357,0.05093395485799652,2.9340061430848845,-0.8597700820012116
0.08128905937748557,-0.058217699952313955,1.2563503915661716,0.050716528039835375,2.93338658307615,-0.8631938437100732
0.08123508705331156,-0.05822791080191302,1.2574597824036016,0.050067633723795565,2.931691079203044,-0.8590133112727283
0.08131493353100258,-0.05815999903448884,1.2569944400106567,0.049513219038632615,2.9318643248177207,-0.8608351650481757
0.08128112127196803,-0.05818110602584565,1.2567844209908716,0.049468110920871375,2.9303830585940007,-0.859552733073552
0.08133688682300463,-0.05831883329893585,1.2572425955852429,0.050219425301945106,2.9340616159717747,-0.8592694760212787
0.08129875115367596,-0.05818553532660064,1.2565755188375247,0.0504625431855321,2.932530884673728,-0.862172150918832
0.08133650035101445,-0.05817959720152789,1.2571329688892041,0.04945028556233419,2.9321408414300585,-0.8605917464455834
0.08124090250899424,-0.05822890381059826,1.2571238593852292,0.050019545567204574,2.93187163293508,-0.8604330242915111
0.08130283200002476,-0.058262374769068884,1.2578732677659956,0.04992566322485159,2.9335332287056017,-0.8592391813347243
0.08122764645627031,-0.05827532383886578,1.2573496015934467,0.05033349646499658,2.932956017460424,-0.8592965139026618
0.08130185362785011,-0.05818558325505179,1.256516589173482,0.05020076050655272,2.9320652958512268,-0.8618327688211556
0.08127640477028905,-0.05829863695068692,1.2576854852299677,0.049581506196012454,2.9329470037054284,-0.8577135214337477
0.08134719839603831,-0.05820681015447771,1.2573153562218136,0.049373871789157406,2.932469870656074,-0.8601174982031093
0.08125156148278789,-0.05828312265910106,1.2565699016471048,0.05043797138412087,2.9336191008556396,-0.8608611547520663
0.08129485346427609,-0.05831950403971576,1.2576595456453756,0.05015207047806621,2.933345566026602,-0.8578470627484026
0.0812075145418362,-0.05828655315744713,1.2574418019398117,0.05061256484656392,2.9320457769455213,-0.8584883668589907
0.08131256456790001,-0.058230665463027104,1.256170191498677,0.050077849007608914,2.9312229813207034,-0.8611393553018388
0.08126575866567155,-0.05823321407412926,1.2578238168720475,0.04996796493411323,2.933462491939428,-0.8598787062942976
0.08119183749826225,-0.058210261286961745,1.2574555895070827,0.04997953139032965,2.9312782279881144,-0.8596741572752894
0.08136365317929484,-0.05835420510040118,1.2571260528751171,0.04966296600728863,2.934413497104541,-0.8573388261934086
0.08125332977929874,-0.05823021265207629,1.2577880817272062,0.049837538615726325,2.932659720751973,-0.8597093174527557
0.08124327485206025,-0.058268829777795086,1.2571223584102464,0.05047190419985513,2.93239257446807,-0.8591222486256066
0.08121849195834067,-0.05816041183066147,1.2569387178123306,0.050059660975266575,2.931457357519061,-0.8609014041921923
0.08131118125589384,-0.05811582301201075,1.257229527053337,0.04892139590167844,2.9316279637519878,-0.8608788583852791
0.08131594576153542,-0.058206864477639536,1.2573126974211293,0.04946630373327373,2.933076152463167,-0.8588631852780966
0.0813275041510906,-0.058265294400695104,1.2571001728434927,0.05019186660904079,2.9338855702544198,-0.8606910998127987
0.08122378957040309,-0.05832218538401414,1.2578673579015491,0.0498748627939048,2.9326953561256373,-0.8558892627330784
0.08128594627141933,-0.05830565622326205,1.2578786312357595,0.05063171583601422,2.9341835959130966,-0.8569726316460239
0.08124225421644647,-0.058129510575989064,1.2577053188460618,0.049361593274516884,2.9294950663587946,-0.8580376335280478
0.08131203066438522,-0.05830922192024695,1.2573417204451194,0.050222968272201025,2.934635299455197,-0.8604129853258046
0.08134500418203806,-0.058244631977193345,1.2570399036965916,0.04999772233808871,2.933582090379622,-0.860837019504787
0.08126906804761364,-0.05822544974475805,1.2575195808803172,0.04993300267553969,2.9332428395461876,-0.860142228293726
0.0813674223033866,-0.05829324178718401,1.2577973530382898,0.049453036788684825,2.934215578790666,-0.8586498767644865
0.0813350660429641,-0.05833863720414451,1.257495832632379,0.049488476860268804,2.9338613927231854,-0.8572548270686219
0.08126098889093493,-0.05812869724469221,1.2577535910863904,0.04948955123123281,2.9318170804090546,-0.8600319626739255
0.0812129819330146,-0.05822756673061553,1.2569036512917098,0.05091208623592531,2.9326305352193525,-0.8605500340206773
0.0812764916199365,-0.0582562568957417,1.2572116854395434,0.05016201185403867,2.931863455476178,-0.8590713086935825
0.08121625648106531,-0.05823571670628524,1.2577713840518205,0.05031415703490377,2.9320387051013306,-0.8587224426408573
0.0811894503588025,-0.05829227944958132,1.257414302420542,0.05066179511354452,2.9332206668125287,-0.858707950146863
0.08133527004692631,-0.05823288552004433,1.256251218465455,0.050292108558510996,2.93269518021363,-0.8613159850071321
0.08123655961587258,-0.05830625213731213,1.2575283351782642,0.04978223803605021,2.932655342574489,-0.8578151769159622
0.08121271794217778,-0.05833240816870093,1.2574605252233308,