0.09481961728228488,-0.11949443933297933,1.1822016258949584,0.06296044113814055,3.0918873574649246,0.0005149361726733737
0.09485417941678434,-0.11943683660380836,1.1823273498816795,0.06288785970565376,3.07528032486953,0.013528106958061809
0.09490239319983275,-0.11934246520138249,1.180609355619948,0.06224989831261011,3.0752909542813707,0.027810257354518995
0.09484280371064409,-0.11942825519504818,1.1826405678280765,0.06281569918034592,3.0708953665375596,0.010077246041779666
0.09482287791040289,-0.11930002791347555,1.1795323040429568,0.06263486631285835,3.074015492274027,0.03826112866014821
0.09480422078617064,-0.11940641680135165,1.1816759844169271,0.06220776338461546,3.0821847680602366,0.007900358489460208
0.09486128452820447,-0.11937279110907667,1.1819652569690633,0.0624916331205345,3.0748545789875634,0.015574348972274932
0.09483671913611015,-0.11936723636554768,1.1818808981508913,0.06154668659081881,3.0730882185448243,0.007868606939312028
0.09487171303528684,-0.11933578671097686,1.1805016219856945,0.06227305744498357,3.084784491373281,0.025077417231702252
0.09489584073370264,-0.1193860716935794,1.1815546528794303,0.06190626390745415,3.0723504963118615,0.018992292429222412
0.09483387547048086,-0.11933702230608263,1.1810862523961663,0.062449284622450384,3.0828610747591765,0.020409749848262354
0.09481717549640292,-0.11941888566509722,1.1816221412310801,0.06265256863803259,3.0886038237186564,0.007925756392906595
0.09486911561241135,-0.11942533332130474,1.1825683451802644,0.06249292828379944,3.0841023638040603,0.007236710501399578
0.09471769124406577,-0.1193719010675782,1.1809184896888707,0.0627111129064616,3.0672598137933966,0.01585791418431083
0.09478218838336078,-0.11933627509281051,1.1806362616004873,0.06159604275708034,3.0684034248680714,0.014269317573834692
0.09488302271264015,-0.11943147111072079,1.1813164400837184,0.06313525948010634,3.079833335630092,0.018807608412982225
0.09487757052011575,-0.11940351072756791,1.1818670983938209,0.06167046615751701,3.075562577891642,0.009757649535575716
0.09474443177753934,-0.11933299865124751,1.1812747182910308,0.06220673289388829,3.0660104564514565,0.016128562141207156
0.09490148854910137,-0.11936232717619114,1.181441604263641,0.06220252121937805,3.077205275438022,0.017223251190672556
0.09485953910771258,-0.11942956821965517,1.1811182492068422,0.06237333808766413,3.079642812712239,0.019619422261291885
0.09472961115763165,-0.11931492328800786,1.1794374562838377,0.06287276580151413,3.063561304203603,0.030043321621024237
0.09474856434140531,-0.11930631652438456,1.1802924016524774,0.06236709452475684,3.0622669297720284,0.0254345825141767
0.09481898416854495,-0.11930125038434596,1.179762975965465,0.06215780496651815,3.0679774212322224,0.03006888937386346
0.09485717353591633,-0.11934090088571145,1.1796891633812423,0.0624876575031172,3.0785876666167886,0.03550646505511643
0.09485393394236626,-0.11935470183454923,1.1814696732115242,0.06173092670410851,3.0809274468626855,0.01265039255981931
0.09468585748320958,-0.11930623340292995,1.179941352096682,0.06275620735725167,3.065610057692645,0.022341135730105238
0.09491451559059516,-0.11937746733334487,1.1819018138094752,0.06204481790008708,3.079250056429583,0.01212570376789775
0.0947400769628242,-0.11936780442873543,1.181183355231965,0.06274746685799475,3.0614253044921513,0.017086016715418966
0.09482484771140012,-0.1194025648181643,1.1821518179736283,0.0626614966289856,3.076339070857749,0.00991596081707053
0.09472191128777036,-0.11941047852986633,1.181467573390258,0.06286038190955377,3.0767769081654026,0.01004131637325085
0.09481067086962364,-0.11945759640999182,1.1816816865809023,0.06373932946756287,3.082036798246344,0.019992304113468504
0.09485212970438943,-0.11939195899636952,1.1817978627841599,0.06274051956165824,3.078559049505758,0.018987008786074722
0.09479111165278128,-0.11946230089203841,1.1819900317068837,0.0636699486875374,3.0775616994395185,0.015663690664255003
0.09483366832320886,-0.11944409450935506,1.181910403255309,0.06274093646154441,3.0678626444646335,0.01570138605638289
0.09483681113894774,-0.11943384667685862,1.18102280926171,0.06323638707467458,3.0836800255792753,0.024732684156782217
0.09473540054646852,-0.11932434953132554,1.1805178978412845,0.06287957002604139,3.0659486894366914,0.03209823425224911
0.0948579354700582,-0.11937934630231657,1.179782701303718,0.06311251122525582,3.0852163507815327,0.02800975187489199
0.0948470701370079,-0.11943102949861384,1.181178307924132,0.06323353765463402,3.0869508700526658,0.018893758319558158
0.09472977354078242,-0.1194106677615797,1.1818120613601633,0.06306756268619337,3.0634800452478976,0.017597999208871982
0.09476716270042566,-0.11939893371247788,1.181079375025208,0.06274335093384552,3.0779470546313563,0.01296103302211327
0.09470394749558493,-0.1194244889005578,1.1810526153584517,0.06350529840395722,3.0674396095303935,0.024090694364626377
0.09477039979691604,-0.11939097833469942,1.180148316463427,0.06313113611871186,3.087285166991925,0.02813392340527459
0.09486004537318474,-0.1194117146764005,1.1808005180200882,0.06260792634432098,3.0828827126978084,0.025345107381100167
0.09483228330600016,-0.11947674928100985,1.1813643194283416,0.06379484232872067,3.0742274341736864,0.03088090278509265
0.094830209991889,-0.11940892238978526,1.1809211284076748,0.0628623598694881,3.0818624452805694,0.021273029286881594
0.09479262990460251,-0.11942394655962756,1.1817551476608024,0.06281620299044365,3.077997595112129,0.021242501462231205
0.0947949922693489,-0.11939602519968785,1.1809737392575668,0.06257152408614663,3.0776785264091497,0.024074451423055625
0.0948304465116391,-0.11945778524945716,1.1816177930766238,0.06358031774755053,3.087423396822481,0.017332314227897196
0.09476622163665727,-0.11946296069854306,1.1810862863934926,0.06330652698138918,3.0804500979138516,0.019394950055170355
0.0947836812983914,-0.11941711389219453,1.1807631827453624,0.0632945108530351,3.074107925118371,0.027567952360683365
0.09484113787463247,-0.1194457585138906,1.1821542340339481,0.06321171817745541,3.080365286718014,0.017348404226713937
0.09470683348119743,-0.11945420183678113,1.1813858924336325,0.06367826525046208,3.062231973420212,0.024489931362397344
0.09484488669534717,-0.11933064527523654,1.1806660517945178,0.06257017446820336,3.081823007319219,0.02756838751235572
0.09481275398336508,-0.11937181993733875,1.1805012686713752,0.06263710929479438,3.071314347125399,0.025522873264372983
0.09485284384272727,-0.11941616549309077,1.1810944044632643,0.0626951263551542,3.0823776098057203,0.018490368464393253
0.09479003026128259,-0.11943122361638454,1.1814191319472032,0.0641288277786928,3.084278671256461,0.023420268427126342
0.09483275953380145,-0.11940020890281924,1.1806997721166848,0.06355395729725707,3.072222271178547,0.03286714372330501
0.094839750150334,-0.11948186165579713,1.1819224319016766,0.0635422991425549,3.0711910996537495,0.02788765488176424
0.09480721297465824,-0.11942469992103648,1.1810031834995265,0.06199303702107455,3.0833366667581785,0.013284678290872034
0.09483900104784526,-0.11940110866500347,1.180824813477717,0.06255921187390356,3.074101768423463,0.029087146074709594
0.09480690008049956,-0.11947439829623438,1.1810680763460748,0.0638192694343714,3.0727553743001965,0.027108255015039266
0.09480518809086473,-0.11948950202046371,1.18118495980371,0.06414837128735054,3.076589513929566,0.03016919550695891
0.0947553813855722,-0.11943806782487966,1.1794445613042477,0.06405164985370136,3.0829851065086116,0.03643003301746189
0.09474342241141127,-0.11950879771253181,1.1816217548001893,0.06309232820692193,3.0801266164907193,0.011952531541204115
0.09484667069556289,-0.11944162755574009,1.1820928051016688,0.06359038313410317,3.0782717969167686,0.022469574255028074
0.09483939803363767,-0.11934989058359594,1.1793068964001536,0.06272910972493635,3.0877086287410096,0.033202226905528896
0.09476202544304382,-0.11949245864123513,1.1810930448167527,0.06410907023935261,3.0776704070332697,0.02690812225958612
0.09476124317892527,-0.1195145086953692,1.1814274181486284,0.06388551086960408,3.0838999410740184,0.016102412822456738
0.09477439251495325,-0.11949626164078118,1.180666269400879,0.06344441647817006,3.0829686961169167,0.02233192170796207
0.09472054574705742,-0.11939886951314792,1.1793758388469056,0.06507262994091527,3.086879327560826,0.04269327687310394
0.09480768098191804,-0.11946799472241124,1.1814242964015889,0.06373619367754532,3.074943836303325,0.029203002182871515
0.09482386899480615,-0.11936224822506514,1.1793259422504776,0.06291337230178924,3.080782156026099,0.034651830834029125
0.0947782954392485,-0.11934458972112032,1.1795878788256484,0.06356613533184746,3.078178894490895,0.03675829546171646
0.09481861386464427,-0.11933729013636041,1.1785956015264578,0.06367574336015802,3.078867072714577,0.04965883636194279
0.0948939933978304,-0.11937396748625786,1.1818039057551388,0.06217126204731551,3.0762500474594416,0.017318801956533195
0.09484036125649789,-0.11947311019072153,1.1821329777060745,0.06237157695255764,3.0753643823177583,0.012973770170720125
0.09477912522800308,-0.11950095415657296,1.1813298314514684,0.06320179643029405,3.0795467004830144,0.016825982114671012
0.0947936546706622,-0.11950232339460684,1.1822192308250647,0.0632682550476525,3.086493847633634,0.00666574620784588
0.09484879207862013,-0.11937227872960424,1.180047583770209,0.06274491172378266,3.0755364769227085,0.03395261040247237
0.09472826567273454,-0.11938346943143005,1.1790816738354226,0.06377981713059341,3.075711174982741,0.038755063023384696
0.09469194551192454,-0.11946864534671928,1.1793818519115444,0.06457474122175554,3.092951139932363,0.02996545144521019
0.09478276241115753,-0.1194455793324243,1.1802759336472788,0.06379952664419829,3.083095454248868,0.02975290095142528
0.09480150996418406,-0.11951030129681504,1.1827919535612932,0.06357189468828872,3.0869476775644826,0.00865963404973325
0.09482750422321956,-0.11935235981917255,1.1802938054252827,0.06266348040129244,3.0828153046867435,0.03089149234179243
0.09478990953503776,-0.11942238175220175,1.1818141955104071,0.06343617109427444,3.0775073305380687,0.026088338793193416
0.09472429500365269,-0.11948055225243309,1.1811504786087341,0.06408399767524862,3.080763471120926,0.02119540533827129
0.09477766167974144,-0.11941401620986451,1.1805851087207575,0.06358983961412955,3.0788548005005545,0.030059620146194968
0.0948271673894018,-0.11940954274654378,1.181248886722683,0.0631059010228617,3.081018142638623,0.022971206055742068
0.0948271673894018,-0.11940954274654378,1.181248886722683,0.0631059010228617,3.081018142638623,0.022971206055742068
0.09473493322598966,-0.11950978916754378,1.1816314839061128,0.06394489725651008,3.0767747501789966,0.020974523538940262
0.09466747461952149,-0.11942506559573354,1.1787357249161259,0.06437170983985807,3.081048011772465,0.0387802257484593
0.09476895176805049,-0.11946600068083339,1.1807083080633487,0.06353400358315964,3.080862993373415,0.024594405610073696
0.09474972984528815,-0.11945093577652506,1.1809538156838413,0.06421391055077279,3.08388907239552,0.027552950432390887
0.09463560329766517,-0.11941517710286548,1.1787085790438585,0.06477937588738227,3.066090693662242,0.046142700913022534
0.09472922669979303,-0.11950894748098932,1.1800037537599188,0.06422745006638929,3.082111415072092,0.031051045888406542
0.09476589056078744,-0.11940153520524659,1.1799935912313924,0.06308956338093386,3.0583445685662336,0.031796618076771414
0.09487223417836432,-0.11943750494525057,1.1821050352991183,0.06315285466449883,3.077088324805034,0.019205099887213743
0.09486813731410376,-0.11939184008414389,1.181164289569188,0.06273614314940462,3.079279620386949,0.022774978279050416
0.0948289360309431,-0.11939269467599223,1.1802545741138069,0.062343811163033336,3.083100333566409,0.021272202860822976
0.0948289360309431,-0.11939269467599223,1.1802545741138069,0.062343811163033336,3.083100333566409,0.021272202860822976
0.09480385368728923,-0.11945334824375971,1.1820804609945654,0.06272296210200404,3.0753731836836127,0.017116402148028412
0.09483377501166498,-0.11935267402478869,1.179830863472864,0.06252806129049843,3.0757623005428205,0.034231097891059846
0.09476222115450078,-0.1193431648236669,1.1793806983943265,0.06346204071987402,3.0696131804617903,0.04045622193600888
0.09478622436253391,-0.11935689884167583,1.179706777693599,0.06346442076018947,3.0735549383850103,0.03254083368662864
0.09479541408154075,-0.11932448658264135,1.1797382456950278,0.062126874841286206,3.0706897718025012,0.031486000816067346
0.09484546837105014,-0.11931284152526844,1.1812384191058871,0.06219970223678717,3.0692979891297663,0.022237793407068888
0.09486709359471554,-0.11936132298434088,1.1820686806828906,0.06206703889249277,3.0792794548071485,0.01062271783228721
0.0948037273144901,-0.1193190444524099,1.179415695848823,0.06262734885592841,3.0725342219091383,0.03718888367362056
0.0948398197094399,-0.11935978876719423,1.1814108061767596,0.06281555039756576,3.0774245264532327,0.02284791642290887
0.09484002831989122,-0.11934981255539519,1.18122108384516,0.0626698556718054,3.0683211352750153,0.030226581496999586
0.09485584233757233,-0.11939673547549756,1.1809304288512767,0.06312641143727163,3.0820993511869714,0.02356381168342729
0.09483094961436118,-0.11935253233084736,1.180570345765484,0.062726677820586,3.0717731288186205,0.03129457376312106
0.09477965892736528,-0.11939548949158243,1.181160975823244,0.06193263492184881,3.068880551685231,0.015232344252175152
0.09484142884188006,-0.11934649603277199,1.1804673296754535,0.06275614781513254,3.0702565220348066,0.02978243703759685
0.09483885992807452,-0.11936221838309262,1.181039613521672,0.06231299807524694,3.0739953498574977,0.021804249009385084
0.09482374527168277,-0.11937300260573352,1.180843820320326,0.06223811265392324,3.083706245221443,0.02127447100011859
0.09481254205253838,-0.11936176601965523,1.1816193400690613,0.06207590966032773,3.077634184457689,0.0113770412047677
0.09483003266718609,-0.11931619250010168,1.1798248561328302,0.06214575427739027,3.0812287411382138,0.03021984474153274
0.09482032870007735,-0.11941950545557659,1.182100818864402,0.0630214857280927,3.0679923230198756,0.016283367942809955
0.09480834824320347,-0.11940062887646363,1.1817405691940852,0.06259719910543216,3.0609308856708184,0.019375327284115746
0.09469802971489814,-0.11937026687401006,1.1796271660805668,0.06354827136012763,3.075745899688941,0.03112474688665058
0.09480798496507659,-0.1193494058209079,1.1802997989489623,0.06293104519070443,3.0746523672217942,0.030960654768107283
0.09482999185680448,-0.11939616980156828,1.1821310120206359,0.06182003018711537,3.0695756256193953,0.014723248150543575
0.0948303634010738,-0.11938917359616687,1.1824229255174776,0.06225510092213992,3.0687275799467844,0.01306907293893262
0.09483094961436118,-0.11935253233084736,1.180570345765484,0.06272667782058595,3.071773128818621,0.03129457376311997
0.09468030951043699,-0.11940980249612301,1.180456304450993,0.06295034641283045,3.0708675663131344,0.020997588634560204
0.09483540527147233,-0.11934942847631547,1.1801548100812005,0.062349290957166494,3.0661878997907124,0.029146430058708733
0.0948976345421849,-0.11931691294353693,1.18096188011475,0.06194139464101597,3.0812468992942743,0.023358984503554413
0.0948354031484768,-0.11934922356426968,1.181713633538553,0.062427878834844325,3.0685774941880037,0.0207445796063081
0.09478955322207204,-0.11934974018967809,1.1807303383456234,0.06277114028986464,3.0699267052841535,0.022688942352478196
0.09482090261311785,-0.11927288664788252,1.1801535786772515,0.06265442241113638,3.079011686075866,0.02813458856755166
0.09480719359803291,-0.11933916288107749,1.1808069859219066,0.06295292239937707,3.0778814069775553,0.024037039860580815
0.094749677583134,-0.11936195539889238,1.1809956648214215,0.06251219851994931,3.059351794221112,0.019962469872094636
0.09483621315685684,-0.119344148180582,1.1811864908038032,0.06200767010901875,3.078711573063659,0.012601597755044224
0.09483310630122048,-0.11933540597937721,1.1812372766967514,0.062371232147016044,3.0725783773289956,0.025779252621293807
0.09472180890943113,-0.11931156911296187,1.178024211226954,0.0632482563011459,3.073007890532572,0.04683590147822416
0.0947524189402895,-0.11932608666045866,1.1787583784617184,0.06368759622824566,3.083131048300321,0.037343477225279614
0.09484842227176703,-0.11935919603306876,1.1803375430296914,0.06221284316722947,3.0740613872796154,0.02295830523836397
0.09477196561343873,-0.11940376136487368,1.1812965196672744,0.062383980868443024,3.0789501451308396,0.013193727054729487
0.09486021562313363,-0.11941979849947769,1.1815529552268396,0.062004586513863015,3.0680922516209104,0.02072763505442616
0.09477595025331134,-0.11937615240633787,1.1806582812752484,0.06321943747338027,3.0688920560182678,0.025297173950702325
0.09471736378380688,-0.11939021002602117,1.1801613957791794,0.06369856697669998,3.069785881277254,0.03563036504769284
0.09481388335865332,-0.11935662625209276,1.179831616297806,0.061835501967954,3.0669746855861226,0.02812989526917522
0.09478090092828967,-0.11938179149878547,1.1809274704332091,0.06321344362699918,3.0810691460725965,0.02460085977668676
0.09471707433795527,-0.11939601524320449,1.1799528351137367,0.06308944704184836,3.0814387013193976,0.02108052125672438
0.0947759439353016,-0.11944499433850929,1.1806455112808139,0.06249690429172652,3.080015001555545,0.020842603107905314
0.09474770536727765,-0.11940454833410208,1.1807652860928526,0.06282142514492536,3.0783755407242013,0.021946494914612265
0.09474379804287456,-0.11941028517005237,1.1812830508864354,0.06186794673870151,3.081175050979925,0.012346584392908547
0.09472668859849628,-0.11936582507791671,1.1792161675510493,0.06416928829103409,3.085691049368436,0.03891673554903276
0.09472312421909244,-0.11950286031966081,1.1807398411855214,0.064548457109621,3.079384471805308,0.02632735939820961
0.09476437100674455,-0.1194295732826198,1.1805994302201943,0.06307101660739835,3.081607150846212,0.022721761705601196
0.09475835785219412,-0.11938394747641565,1.1800817073575294,0.06331218126269102,3.0805716033096613,0.029957964701251196
0.09469802966929956,-0.11939175792271282,1.1804924737686022,0.062484870025020525,3.0573893261387477,0.02244306872720071
0.09476299069180771,-0.11939135506272384,1.1799213353771065,0.06319445412504396,3.073684320810748,0.036156912136328136
0.09467278230747335,-0.11941502452142207,1.180205381416866,0.06377955253686597,3.071650259177493,0.026881460888737024
0.09467278230747335,-0.11941502452142207,1.180205381416866,0.06377955253686597,3.071650259177493,0.026881460888737024
0.0948013200488025,-0.11939772202537992,1.1808725069444597,0.061949381521402336,3.0797186111014367,0.016781882719018097
0.09470057607361046,-0.11937359542831005,1.1790751973619835,0.06385384977736104,3.0792290424605366,0.03792430420653977
0.09481934081348739,-0.11937607256883825,1.181278681485519,0.06248589908802996,3.0698967177388057,0.022622115109562965
0.09475230598672105,-0.11937008668695297,1.1800485403088474,0.06284213402121219,3.0705216620289044,0.03127556699541696
0.09481926074220469,-0.11934147681481592,1.181159934834409,0.061796983458697566,3.0689250156815246,0.022498634609173965
0.09484537185081572,-0.11939229975231537,1.1821594465022593,0.06203319285331725,3.0782234635358456,0.01178729338813358
0.09471204898124783,-0.11946592848012125,1.1816119077401817,0.06333765441990143,3.0635741043531466,0.021407693152356456
0.0947502021708428,-0.11936357333989579,1.179745947115894,0.06286722824153476,3.0776395578267466,0.03141604835768267
0.09480753336700048,-0.11932710433260661,1.1802272403816703,0.0615147964900749,3.068701618138238,0.02506573038571044
0.09480753336700048,-0.11932710433260661,1.1802272403816703,0.0615147964900749,3.068701618138238,0.02506573038571044
0.09478384335350079,-0.11930044029425739,1.179524905414924,0.06325958140644838,3.0832413862579244,0.040681420134809756
0.09479960369780445,-0.11942838693206267,1.1818738349250621,0.06256367612448539,3.067848918672317,0.01713828269461766
0.09469675749646114,-0.11941145255705815,1.1791347079809444,0.06381118765821535,3.070793846311631,0.04013832903962102
0.09480727332151487,-0.11937245949889107,1.1823236764428566,0.061741470641097126,3.0681601518048827,0.011239510943145476
0.0946854022438726,-0.11937365021072448,1.1809645693171233,0.061788928443303706,3.060265191794595,0.011567765914434746
0.09470586695635301,-0.11933126115059244,1.1797554237515893,0.06215979362325688,3.056449328278918,0.02961335624634265
0.09462027024798228,-0.11925541120082402,1.1776859813726068,0.06368272724992875,3.0612931722763213,0.04673093477869992
0.09482601521270095,-0.11936786712350819,1.181135521210806,0.06217353362712546,3.0702123106580568,0.024139724143536306
0.09474007200416212,-0.11932252589703424,1.17924155855961,0.06303321054477846,3.07168029936901,0.03492820694039363
0.09474007200416212,-0.11932252589703424,1.17924155855961,0.06303321054477846,3.07168029936901,0.03492820694039363
0.09486651255566106,-0.1193382643895603,1.1813425910923054,0.061674625800865794,3.082024464598373,0.01749450664760832
0.09479585229028131,-0.11932286801359561,1.179987175328266,0.06190124664381942,3.0686919359397753,0.028326120332701613
0.0947484525396164,-0.11935853275170905,1.1806476138924749,0.061696286235027,3.0556884364831602,0.019842835572798544
0.09479769608915391,-0.11933113239525302,1.1800844799930597,0.062401705602676404,3.0697442209200987,0.029157528918451654
0.09482425686788801,-0.11935911125041233,1.1805670061793703,0.06294531744262138,3.080215458732239,0.02662558947407818
0.09480112251088409,-0.11934888810736027,1.1801193647492265,0.06299404773859622,3.068836543653501,0.03756086627872357
0.09485580099639128,-0.11935819447038157,1.18128321204087,0.06223436989323667,3.071804961379521,0.020000020678153905
0.09481877838744229,-0.11937951259737913,1.1813522759230555,0.062124745097006,3.0666243906170103,0.020955281968344706
0.09475975182019575,-0.11938551699098096,1.1805012682921947,0.06327066891622309,3.0747486825200987,0.02450733429225659
0.09475975182019575,-0.11938551699098096,1.1805012682921947,0.06327066891622309,3.0747486825200987,0.02450733429225659
0.09484390359403741,-0.11936327750570705,1.1810757808341206,0.0623020448081704,3.0708114403521534,0.025911864331035407
0.09479226410066681,-0.11938075245640345,1.1803751486286602,0.06352574771114822,3.0786459133417283,0.03062684462248657
0.09471661834355313,-0.11937295672091708,1.179169638755563,0.06348860508957427,3.076423932935957,0.03841690395139865
0.09485575829956555,-0.11927444390015061,1.1798609492241543,0.06229249506220719,3.0786934610074064,0.030350917750035015
0.09481028475773062,-0.11935375674617299,1.1799733760359308,0.06254836269746959,3.067108232981807,0.03188538884367655
0.09464417731587906,-0.11931772014139717,1.178889851448252,0.06332461982610357,3.061063246079553,0.03609779696274443
0.09482362946145598,-0.11933241372047076,1.181885725920899,0.06239185356946881,3.0697909141811173,0.02285927180760039
0.09471526296107007,-0.11937401273730411,1.1795578602303205,0.06392350594245742,3.0801054145933415,0.03161928047134639
0.09480962496197831,-0.11936804000043735,1.1810151582765394,0.06279630453964902,3.0692527299520314,0.028047119246053534
0.09478885272846511,-0.11938731612731847,1.1798569500040217,0.06353128888008115,3.0790607176500027,0.03486213025817709
0.09475480466744109,-0.11930085968125038,1.179426763352007,0.06317269147715515,3.0740396832172965,0.03860859681915518
0.09484471931034787,-0.11938107655213916,1.1809555690154803,0.06230846680757735,3.077004362341348,0.021419983504196667
0.09476380531524259,-0.11939917551705803,1.179930503477109,0.06294413714720351,3.0774441220553657,0.02552374715554422
0.09477483258372085,-0.11939966316623263,1.1830301790622604,0.062289304698576256,3.0731418923532763,0.00395225244129343
0.09474344563537442,-0.11935285085677014,1.180678312745192,0.06231001712906878,3.0614765922484968,0.022551660716667102
0.0947153352964177,-0.11941259604875062,1.1794749738472095,0.06374862946638522,3.080979943725455,0.032534911044294346
0.0947754680701277,-0.11939299413756724,1.1799122305782779,0.06375079299346068,3.077641647204524,0.032661224447451336
0.09468650590611823,-0.11941527456102323,1.1802465111821305,0.06395815695016863,3.0776536988199346,0.030404058086303268
0.09472479035159137,-0.11935725129471371,1.1796495891383305,0.06263530138867383,3.0736031803079222,0.029335372137638146
0.09472479035159137,-0.11935725129471371,1.1796495891383305,0.06263530138867383,3.0736031803079222,0.029335372137638146
0.09476421637828107,-0.1193847922415541,1.1797269912594903,0.06286747248862534,3.0755121980119418,0.03430640836738726
0.09482544368806937,-0.11935176907294189,1.1805825798227114,0.06196526409319581,3.075295024922894,0.02249598300637942
0.09467651219581517,-0.1194648443296413,1.1804917362393241,0.06379528338042327,3.069908563722251,0.025399533605014832
0.09467651219581517,-0.1194648443296413,1.1804917362393241,0.06379528338042327,3.069908563722251,0.025399533605014832
0.09473688745640968,-0.11946356250985275,1.181052240294426,0.06367429432984427,3.0813034349326966,0.020599058568168842
0.09481363691591523,-0.11934331514685402,1.1793297811191934,0.06255227186117568,3.0785182610684143,0.03776331811718002
0.09473691905121001,-0.11935417051508969,1.1793278120571875,0.0635368970947234,3.073446145078135,0.04334553760902856
0.09480758740253432,-0.11939030890938793,1.1817763840041438,0.06251018910884416,3.0682701941405885,0.02109024221427567
0.09479485712628352,-0.11938063193314552,1.181093421098031,0.06270727692565277,3.0704421217391813,0.02588205254480757
0.0947442634511088,-0.11942345441967121,1.1805382668099962,0.06364789219398305,3.07026880823535,0.030721640411884823
0.09477350574179308,-0.11938920706932546,1.1811178201277943,0.06313900864348689,3.070333735768401,0.021527403224546153
0.09477865522806693,-0.11942543422198401,1.1802742635269687,0.06257820194856127,3.073423291825901,0.023654262967027426
0.09472267562511258,-0.119402337831336,1.1808708756645963,0.06316904014792239,3.0655433002459525,0.02244044254652872
0.09474112716758543,-0.11936238527990586,1.1791725154517494,0.06282873387222314,3.083376394780185,0.03453275386082995
0.09478847105349085,-0.11944215860598939,1.1814072502952395,0.06282874648046952,3.064058955743796,0.021733833897361776
0.09476668969059175,-0.11942573789032973,1.1810655306909748,0.06234285661339543,3.071839474542755,0.015422086100632032
0.09479022162631748,-0.11935304093436108,1.1801088752397098,0.06179167596175691,3.0759498527940594,0.018443541959436174
0.09484508789343728,-0.11939263742287425,1.1817297929519373,0.06258512341551295,3.065351240828947,0.025116811714754574
0.09475726340118669,-0.11941433366493653,1.1820773373634326,0.06237388174267799,3.0649038786560787,0.011882361052334296
0.09471261829689122,-0.11935480250820193,1.1788618094616845,0.06338956909462429,3.0830843805506065,0.03638365522633841
0.09475583591377766,-0.11938837925301396,1.1799825994313822,0.06287063021801433,3.083101903846125,0.02445374142609586
0.09475058721329709,-0.11937745462748628,1.180018378502355,0.06292686533645912,3.061083645561227,0.03395924092973025
0.09469341896051241,-0.11928614554090457,1.1785039971045899,0.06341931113791494,3.077196671109539,0.04102705832538527
0.09477369975820714,-0.11930079874217545,1.1784651154359582,0.062187283812759675,3.073274487099472,0.04470389033470757
0.0947173176562861,-0.11938850152824206,1.1788676686667907,0.06410539151315901,3.0737805623591212,0.045102563893834755
0.09487088642940354,-0.1193326979722289,1.180188168881736,0.06139089577888133,3.0713975924596473,0.027872073096064993
0.094769273357723,-0.11939841398511154,1.1801367859628809,0.06304086610931045,3.0763221124669933,0.02950729101805813
0.09480983785044862,-0.11941126476919806,1.1810731294359242,0.06396736107393011,3.073810564011463,0.03748563935616606
0.09477218943969858,-0.119405972810701,1.1806679147425547,0.06358420298185229,3.078156838243546,0.025152991102356855
0.0948237612121737,-0.11935852562025676,1.1805567334690752,0.0621519543479493,3.0764297769841438,0.024935661602496627
0.09473618018802778,-0.11933004683056958,1.1788407725442673,0.06320025070252346,3.087158206614618,0.03767327006399573
0.09481855860253142,-0.11943155869250455,1.1815740331308302,0.06334945474723717,3.0709205991195128,0.022227495429393913
0.09474578617003361,-0.1193616787104908,1.1796679644942953,0.06264089579594825,3.0723750623008956,0.02921951928920015
0.09479507096197698,-0.11932959063293455,1.1805321555935897,0.06221800544845938,3.0799268101757558,0.017744702818327854
0.09474874282094543,-0.11933912832950326,1.178183901157842,0.06331128625640071,3.080105307296374,0.047616266133399046
0.09476226162194414,-0.11935428036621329,1.1796070681216815,0.06238054480641921,3.0755890643378656,0.03316762280913232
0.09475560926865238,-0.11935356563434814,1.1790101880226318,0.06280874297269877,3.0643920898452985,0.03994178549630919
0.09470096693807299,-0.11935267899194045,1.179039851599106,0.062438918093851194,3.0786917033656476,0.03049275305281204
0.09481323822946684,-0.11937572610013847,1.1814870985078143,0.062304179802588996,3.0715018958741807,0.022195957567324145
0.09474802003724636,-0.11941382132057042,1.1800284526674665,0.06422980975756398,3.0669874833328885,0.03726472068755033
0.0947633307400823,-0.11938111734551213,1.1807077648141737,0.06267075200460767,3.0830675341824323,0.022149644310956337
0.09475530278040302,-0.11940025996424652,1.1801554964118077,0.0628904687679356,3.0889606131135956,0.021982157434068714
0.09477561993604808,-0.11935822570319411,1.179499389446121,0.062386090086248076,3.0663827646204957,0.03595635437986943
0.09476102763579262,-0.11937323521346337,1.1799371807347279,0.06331459353663499,3.0739151281968473,0.03175323214284405
0.09479273615158369,-0.11933970629785107,1.1805545190396205,0.06231258607524608,3.0768661466574625,0.024714004096178237
0.0948176866239119,-0.1193742499395244,1.1812275287838936,0.06183596948998212,3.0673446507729496,0.01858151466749915
0.09473649544871694,-0.11938166848389044,1.179137983783857,0.06338628433721673,3.0732831223544044,0.03658206413867224
0.09475685611146407,-0.1193705705020103,1.180052454818876,0.0631777043275826,3.078528601747219,0.029355079582394125
0.09464939169271695,-0.11941765358629872,1.1794082148205132,0.0640189140932723,3.0651222360540573,0.03633569675347128
0.09472614465605017,-0.11939926032935827,1.1804840062720716,0.06336936892439059,3.0790894888709563,0.024155309296319965
0.09480113148348145,-0.11933664044159226,1.179629622543596,0.06256873072564668,3.071676120819183,0.029548924446364457
0.09471298013890382,-0.11942020281118983,1.1817396583740174,0.0627224265215117,3.0694910615724846,0.010240763627310887
0.09472539852935602,-0.11926448146139172,1.1782259706171545,0.06320673068872774,3.0759276000613376,0.044564417170629846
0.0948100413052492,-0.11934750741058908,1.180201246071164,0.062299988089586346,3.0696143688756066,0.02988298123868975
0.09482492075422137,-0.1194154682855577,1.1812839209586745,0.06216247210432496,3.0803945390382177,0.017443664711392477
0.09469525864839917,-0.11937703939796461,1.179911577867531,0.06355092282748866,3.0766641167409086,0.03028576293341204
0.09481322985325219,-0.11940011856596955,1.1814461045590516,0.06238070650056085,3.0776843240665586,0.016129188559648164
0.09474085674180312,-0.11940100939106411,1.180003091426969,0.06332818218784007,3.0671924345162154,0.029545521283932865
0.0948056867381735,-0.11939182585592882,1.1808425803702416,0.06265250830904505,3.069733549602609,0.025186063666031214
0.09481114417100239,-0.11927304535004024,1.1798860565192864,0.06188137399394926,3.0601655713125084,0.03545828337328667
0.09470923715941537,-0.11942835899476069,1.1802811250175453,0.06339840832001427,3.07150677423277,0.026837803709825647
0.09480081146281102,-0.11935802031059141,1.180678493429628,0.06249624497155096,3.074724534278962,0.023025928654659016
0.09486728239568155,-0.11934712153588253,1.1803901525836593,0.062016803775136076,3.0799426293384258,0.02384708323440988
0.09478812695557948,-0.11939542942193909,1.1805087736729372,0.06284177905461817,3.076884869833106,0.02625410319366372
0.09475527688974877,-0.11934818292501483,1.1790877699623719,0.06320036493186706,3.0810038146728536,0.037438484066829696
0.0948130370262835,-0.11934370334506866,1.1816524854211299,0.06175215060535144,3.06657126036068,0.01027272917688926
0.09473479985132968,-0.11939402751384436,1.1800634423546037,0.06269678520431599,3.0650056605813085,0.028199474084946125
0.09476950476101735,-0.11937352331301901,1.1800590204604064,0.0635701113413658,3.0734020413334733,0.036128191523522785
0.09479322909458708,-0.11934323716015735,1.1802207574845276,0.0621171545480792,3.075338469830587,0.021788132176772772
0.09472840556756305,-0.11938101418729197,1.179705747165995,0.06316430734151036,3.076072302102644,0.02843355888004857
0.09474290274110275,-0.11935690449509473,1.1788443014531893,0.06278680643988585,3.081566673691624,0.03602662547441447
0.09457500497042268,-0.11928903505977323,1.176767364376749,0.06430341537820618,3.0715731082376148,0.05218906379336364
0.09471505842896645,-0.11929959126551355,1.1796078667279004,0.0623533323159917,3.0680596309204624,0.028091674599956346
0.09482542556630756,-0.1193952348644025,1.1807320368793932,0.06204941106501989,3.0686176878227354,0.02475222131668165
0.09476986111761927,-0.11938550006604354,1.1801295925335469,0.06398514750830182,3.0672336376180196,0.04054549629381412
0.09475703202232301,-0.11928617965590052,1.1798073560682976,0.06336253597371623,3.0759742775264787,0.037071442855632936
0.09478987452437837,-0.11938393100855016,1.180717203115868,0.06198906996199446,3.0719700657810254,0.01702977122489347
0.09475488242900272,-0.11935558877933916,1.1794953101455599,0.06370433876184797,3.080047824684779,0.03599344689379677
0.09476251048119742,-0.1193538751181604,1.1791020092331326,0.06340011919673544,3.084476745537751,0.03606693688476154
0.09478465675272237,-0.11935372910115079,1.179054511674904,0.06284751517628107,3.0803900177539347,0.039537912898186985
0.09472913190851368,-0.11937003208631163,1.1788327719971892,0.06369508948373945,3.0726165520749773,0.04207450261738951
0.09472913190851368,-0.11937003208631163,1.1788327719971892,0.06369508948373945,3.0726165520749773,0.04207450261738951
0.09478079829791855,-0.1193953411975468,1.1812896852434551,0.06257773043157447,3.0695671740385744,0.020422470484990032
0.09468177199622844,-0.11936533854533035,1.1790471466528987,0.06396515629543398,3.0674657392560567,0.04154300625447383
0.09483328604262255,-0.11937374218481808,1.181991623439819,0.061578519717417984,3.0626312747905065,0.015866894409308094
0.0948188110853264,-0.11935908707524522,1.1813483633879565,0.06205505887016864,3.0744828778765787,0.01830753720922929
0.09475097721388087,-0.11939511448400296,1.1808000302634667,0.06295862057730392,3.068858684471305,0.023396575393501037
0.09476097645499619,-0.11938583740929783,1.1810148652110826,0.0626925993507629,3.0734513034517246,0.0185226981666607
0.09465629632231651,-0.11928266030199015,1.1794117571438252,0.06324183172754305,3.0555628076765413,0.037221310196282706
0.09473894212431479,-0.1193624253672147,1.179728201196728,0.06382256067389268,3.078091429296791,0.03182255311141075
0.0948203442124118,-0.11935792490954053,1.1805693673644706,0.0628860229632331,3.0707705743808327,0.026633536145168394
0.0948203442124118,-0.11935792490954053,1.1805693673644706,0.0628860229632331,3.0707705743808327,0.026633536145168394
0.09474000122393447,-0.11934490253891637,1.1791028635703773,0.06260277631365249,3.0786811772518514,0.032261408101360904
0.09479960325536416,-0.11930828223235791,1.1794086499480547,0.06285606561349986,3.074262223956839,0.03507350998409872
0.09482276903377253,-0.11937922033240227,1.181380458654046,0.062282717172294215,3.0637898461368125,0.020278473535095733
0.0947187503302644,-0.11938772206117775,1.1797599614653174,0.0630138285324773,3.064672639868965,0.032959772863289626
0.09472082100699107,-0.11945073716189054,1.1820236709449479,0.06272205655654564,3.0728013599998425,0.007213363287415578
0.09470027479807773,-0.11942804131121108,1.180556557180314,0.0633125549893306,3.0761880315942554,0.0222935014922706
0.0946963925972455,-0.11943616802360846,1.1813448062909337,0.06311685214854855,3.0722244050717302,0.016451893945947142
0.094763794992884,-0.11935480285707907,1.1812774579658996,0.06328344339058253,3.0690799851585653,0.022857529206803912
0.09472510365069542,-0.11941075803747844,1.1798288649659248,0.06354840630821636,3.0782969779803664,0.03157789643999858
0.09472202878974147,-0.11939333366925774,1.180465148235845,0.062199725556843916,3.0745443052622305,0.016903024326815085
0.09472202878974147,-0.11939333366925774,1.180465148235845,0.062199725556843916,3.0745443052622305,0.016903024326815085
0.09467975485201685,-0.11943864164427803,1.1803771310633218,0.06370882596459504,3.0779890527606484,0.028918616420814836
0.09472223367659319,-0.11944260834843394,1.180953573051148,0.06264638005496896,3.0792503926161645,0.02085933338343455
0.09470221963877554,-0.11946819117233991,1.1803817601312911,0.063009750874571,3.0868906483947227,0.020907121025819996
0.09476076135014642,-0.11945780973369746,1.1815899884955063,0.06220036794706419,3.086730293988918,0.006180011213017819
0.0947628042131233,-0.11942792295195634,1.1818693098179485,0.062464755335420154,3.0841791914130705,0.011648137353007479
0.09474853358073944,-0.11946775269519895,1.1807076013334135,0.06306727343841809,3.0881112117606935,0.02130248462664005
0.09472221965998011,-0.11946294878531369,1.1819024579340547,0.062329908379871846,3.0787203440355406,0.005379290714530802
0.09475389633778958,-0.11939051654858097,1.1796747149821862,0.062224572601349254,3.09085073762982,0.02238628901137042
0.09473233067616277,-0.11941222578215473,1.180788412603693,0.06242228986160585,3.083207627053478,0.017780644371421888
0.09473233067616277,-0.11941222578215473,1.180788412603693,0.06242228986160585,3.083207627053478,0.017780644371421888
0.09476902025825218,-0.11943124008187579,1.1811646773306492,0.06161904052581307,3.0829600213216417,0.009411186323058087
0.09470258624223124,-0.11939796911501949,1.179852492336889,0.06244297716719469,3.082615704183411,0.027391182838412794
0.09470391408965251,-0.11946233673082789,1.1785436718526672,0.06376522940189008,3.0892754352831915,0.03733412841968088
0.09471932722028067,-0.11949917207468447,1.1812981843349242,0.06369622890342674,3.0808347449284303,0.021262573220824307
0.09475841901670735,-0.11941356515456522,1.180945922461874,0.06188273027685989,3.0777396388723965,0.012738511091179322
0.09475785084037593,-0.1193796155144286,1.1790260900820944,0.062253951952400494,3.091412090047154,0.0271033375549996
0.09473324493632124,-0.11941227438123783,1.1802170690120983,0.062176254584772835,3.088340658094514,0.02000983861797009
0.09469752649804819,-0.11940220977189678,1.1799137307921974,0.06234446336874237,3.076590322082946,0.01918262948105235
0.09469448274430312,-0.11937497444611224,1.1808188809208597,0.06201181300555746,3.07344923100811,0.015067080907269043
0.09469448274430312,-0.11937497444611224,1.1808188809208597,0.06201181300555746,3.07344923100811,0.015067080907269043
0.09474140526512817,-0.11945150189152762,1.1805152257940505,0.06302484435397471,3.0847758026413037,0.016749415767686324
0.09471776910741095,-0.11941548214516916,1.1793135174600358,0.06290669138900314,3.084328322343089,0.027691945756922
0.09473975965758098,-0.11939366836193938,1.1797529197780414,0.0625219613648313,3.081370292719,0.026027339613165227
0.09470586501968589,-0.11942919886067908,1.1796423656146526,0.06345752415688648,3.086299428752177,0.026798847864549086
0.09474560873406962,-0.11941577002494054,1.1790330282345203,0.06305904980393125,3.080080333878181,0.03663639945100957
0.0947353231674157,-0.11942312470563968,1.1794651328997015,0.06295299632218451,3.0850217096650208,0.02516743776645776
0.09475949476555809,-0.11932959839811626,1.1792203946683473,0.06215778138224842,3.074093568269267,0.030068502434309696
0.09474741363859124,-0.11933243577367039,1.1786836536206928,0.06253836613344706,3.082430087445559,0.033915749679401676
0.09469014650863648,-0.11935709727051458,1.1790809009689591,0.06309583619568311,3.0742401896921865,0.0374279663165061
0.09469014650863648,-0.11935709727051458,1.1790809009689591,0.06309583619568311,3.0742401896921865,0.0374279663165061
0.09475428088470074,-0.11943970892444145,1.179979959019073,0.06319838222499448,3.0860739802557915,0.02473330531050407
0.09478334259794115,-0.11939961436176505,1.1804407507394425,0.06250002957346236,3.0826395704672085,0.021773972603853792
0.0947726321933446,-0.1194091438959062,1.18007603838303,0.062224019098234246,3.0883890873538578,0.01888456433045634
0.09475812189772634,-0.1194003783032568,1.1797637634653089,0.06221689118407059,3.0876759682668906,0.021718277013775114
0.09473022436268909,-0.11934584518237658,1.1787509921169308,0.06213962974486629,3.0847851632302503,0.03147490074729508
0.09475655092866174,-0.11932324136178662,1.1788712366458791,0.06223087916556335,3.0860359839619576,0.03271444858135368
0.09483282572654839,-0.11937192583811891,1.1802376888540769,0.06185747917460591,3.0840041613135627,0.020557038722187816
0.09472776505931331,-0.11936087685853203,1.1786301847594947,0.06300827163574133,3.086405649310305,0.035028023488604024
0.0947538017288399,-0.11935767163724942,1.1790585868619816,0.0624703688838435,3.0854191433087843,0.03130960205182148
0.0947538017288399,-0.11935767163724942,1.1790585868619816,0.0624703688838435,3.0854191433087843,0.03130960205182148
0.09477962644370616,-0.11930732117810855,1.1786757381257253,0.062266461862191244,3.0887471635635424,0.03384972479648777
0.09481250605641796,-0.11940020555431798,1.1809118979946798,0.06171051023609124,3.0898975932712913,0.011862460130768167
0.09481669965913071,-0.11936386550268466,1.1800319008183884,0.06189293543807006,3.0851836395429753,0.025053365906810055
0.09475758280156965,-0.11939324750728504,1.1798930735342439,0.06163946118150468,3.0821521791176654,0.02021643660579689
0.0946947245680789,-0.11933319695441556,1.1787438059984303,0.06307239631858387,3.0867505387248872,0.0354902317198452
0.09473280319794795,-0.11934006329391614,1.178847640551128,0.06290974976425708,3.08267699958561,0.03366426618624848
0.09478266272940075,-0.11936074097956917,1.1799441232196228,0.06155721415845396,3.0815627714982794,0.02199339487280576
0.09472012963987216,-0.11940682095359668,1.1800775127733483,0.06308013563150126,3.078918249469573,0.0287338303453044
0.09483943856444271,-0.11942089346683034,1.181619693433873,0.061985966853401464,3.071314350802501,0.018027604924245638
0.09469692826199697,-0.1193443742243917,1.179469203002243,0.06201274275424252,3.069988363694853,0.02819711437563858
0.09473793595784633,-0.11937279961931237,1.1798214229738022,0.06230941844782158,3.078875412900784,0.023440612970528695
0.09475504134414243,-0.11940223271831198,1.1801348650357193,0.062482509503675364,3.0823960988854497,0.021052101271829552
0.0947219531166251,-0.11938068322794489,1.1790713669165294,0.06256282564034726,3.082646381179429,0.028886396526320038
0.09475646240498035,-0.11942629234138172,1.1805375442103894,0.062442422940466466,3.0822589281823043,0.018047726430414326
0.09474299887886076,-0.1193570841430894,1.1793897696890812,0.06248628864505113,3.0869255895347654,0.02593519929633518
0.09480846517684646,-0.11943238355070228,1.181248825206029,0.062413704788025104,3.0834251314513375,0.013850178116535241
0.09473947369896829,-0.11937341212592263,1.1788117705348327,0.062184401101498636,3.0889312629937526,0.025430870739497367
0.09481367649989614,-0.1193710782250102,1.1797997960402036,0.06172818645508586,3.0897446509063506,0.020971578959704796
0.09473420151863397,-0.1193621265987851,1.1789484946392135,0.06251593287326787,3.088527987184122,0.03471101658664635
0.09478256769636442,-0.11934546230326662,1.179034350641773,0.06227058930710416,3.095149675504523,0.027421762271440175
0.0946865022973522,-0.11940259841371616,1.1803782877661337,0.06277850204105274,3.075869586669902,0.019103109881755623
0.09471226365701929,-0.11941459897813785,1.1805999570445571,0.062290218353337,3.0859250542955805,0.01614452285393936
0.09477976736152521,-0.11931573252785956,1.178080809968896,0.062357562781236796,3.0911725033428348,0.03945601590688182
0.09480291582688649,-0.11935232502274888,1.18092717398418,0.061519049336088726,3.0839442547156755,0.014513168137031017
0.09476849444687357,-0.11933545657471221,1.1794412587447396,0.06162098439335316,3.067886307198178,0.02903330517424939
0.09475300659678379,-0.11938256061505426,1.179647215236715,0.06249890266119619,3.0938279705433374,0.02137744013613505
0.09473679790845506,-0.119392865769284,1.1790940132477754,0.06250475020746639,3.0887514214493303,0.025424426094757355
0.09475541314118384,-0.11936576504789072,1.1795001675622123,0.06233826422303731,3.085015884813117,0.025486828015908635
0.09471961529932177,-0.11931757336806217,1.1787995961119315,0.06191401880414169,3.0776279268980473,0.030204330054311144
0.0948070588626223,-0.11940696007763033,1.180608424889702,0.06182160499779857,3.0827548267469074,0.014214704029972188
0.0946548612220353,-0.11934552915979546,1.1785687845382335,0.06245083584341555,3.074885820137561,0.030837361812620426
0.09475535757168431,-0.11942544663642661,1.1805545860644246,0.062449417483746904,3.080687415647174,0.01945297972288994
0.09470944077617591,-0.11941006663821403,1.1799236685175922,0.06265532661818407,3.08316260046623,0.019284197384484662
0.09477703350412864,-0.11936728779144029,1.1798999012034368,0.06211879252959524,3.0811895194225087,0.025683255722645338
0.09475126361189232,-0.11938302476176287,1.1808696587305736,0.06214978790618091,3.0935130016534664,0.011828197358706142
0.09467414987974959,-0.11943340297250889,1.1809055903783796,0.06254678932831349,3.070226239612646,0.013244442943024683
0.0946626255818812,-0.11941756930936233,1.1798713752378105,0.06271192588698475,3.0705442219716743,0.026526446752423397
0.0946685808012762,-0.11938305075794081,1.1798171696063005,0.06305867999847603,3.0680001142260354,0.022576487557657236
0.09476439654610042,-0.11940644672923229,1.1804226411314995,0.06213140423140436,3.0850195500458275,0.019785513987391756
0.09475397023012108,-0.11939814712943321,1.1802934599142254,0.06222562949665022,3.0872883664948017,0.01603014471412909
0.09479655099501395,-0.11937668932437157,1.1800378310860065,0.061702924627644935,3.081632638624542,0.021626285056947667
0.09477998472835147,-0.11934965199384029,1.1789684952616453,0.0619543276637472,3.086546282584234,0.027975482909641653
0.09483889626217056,-0.11936932531489763,1.180867418548484,0.06162554231715436,3.0825030957947974,0.018040761757093356
0.09478679780292429,-0.11942217697603291,1.1806074172287762,0.0619543762669283,3.0797478485735286,0.020067955099943857
0.09477716383565993,-0.11929654592901341,1.1785779514355563,0.06172164123504571,3.0872808790104513,0.033124332964589824
0.09468225930659131,-0.11939076143683781,1.18063342892582,0.0617518289304903,3.0794855877650407,0.009078835725254761
0.09472378609266138,-0.11942758203251623,1.1806604874319424,0.06270722608544602,3.0851514532185313,0.01718108022371138
0.09479603779311317,-0.11938201524869232,1.179890986808872,0.061949672962795466,3.0877571130236654,0.021297826730017663
0.09473455383253171,-0.1194409270543104,1.1805439439754968,0.0629445021737095,3.0828301813461567,0.020451812098598213
0.09479617123948064,-0.11938327223373506,1.179736020680773,0.061964488511471204,3.0838315029057908,0.02174107933210575
0.09474157001242282,-0.1193062337882095,1.178156031445767,0.06248492272669626,3.0835950084627415,0.044471824262574323
0.0947460491891619,-0.11943069530111686,1.1799961130550625,0.06275308262491398,3.0870563324006026,0.01967842853657772
0.09474169775181172,-0.11939478327623552,1.1799274450291863,0.06284728390766049,3.087433088799218,0.022394734248684694
0.0947587617514965,-0.11940467583829943,1.1795266156919826,0.06273117235705222,3.089716695927334,0.02493395700158737
0.0947850905583005,-0.11930933235570583,1.178901659726507,0.06241291022626694,3.084473648519957,0.036056219963501994
0.09474287304539356,-0.11931065116399792,1.1792038446611215,0.06196394445506199,3.086459629692653,0.03180976533401078
0.09474708457645524,-0.11934770291573349,1.1786782293731572,0.06218116628328064,3.0874807177462817,0.03139830549308352
0.0948139284192736,-0.11932599639727881,1.1789353299666807,0.0617486745408501,3.088416310654207,0.03072279639750516
0.09470574212963856,-0.11937035291679716,1.1811527611456865,0.06208261743957883,3.071068716623932,0.009512737502351721
0.09479681431010852,-0.11943794984388027,1.181949796703375,0.06165557567836088,3.0750127769166604,0.007607832324563355
0.0948312779717354,-0.11935655601140464,1.180401203382421,0.060894589144876596,3.077648450762309,0.020671482619884763
0.09480677352010816,-0.11937738993306655,1.180725734258096,0.06135369551085779,3.076589424617391,0.01899761335846922
0.09477041997714905,-0.11935164199322651,1.1795415296291645,0.061542625801003316,3.0855884669054103,0.023784900329519368
0.09474886115692613,-0.11936403238679684,1.1790624733767876,0.062223040106950914,3.0879703194755104,0.024993458119916472
0.0947341663034611,-0.11941749043273221,1.179818711859542,0.06273142573604565,3.084175359998223,0.019448979657598335
0.09478843123837996,-0.119430408180168,1.181914452702066,0.06141668090904316,3.079561866237459,-0.0016302060596494632
0.09482132073441944,-0.11936986170170329,1.1809941141463074,0.060838143510443934,3.0798051780735998,0.011821537572346977
0.09482867937589666,-0.11936389864670391,1.179993230089636,0.06154567438474823,3.0823227511492757,0.020467951090187272
0.0947829048939235,-0.11939517395757841,1.1799986133439002,0.06227099089569773,3.085081487398867,0.02119177865857743
0.09483695737698734,-0.11937604612741062,1.180284051752732,0.06106843017302328,3.0795488106946127,0.017657562760066362
0.0948036214663637,-0.11936465397856062,1.1799865208154878,0.06180478719959084,3.091378854495565,0.023418881249365153
0.09473016947555027,-0.11940223175018733,1.1797890500160744,0.06220479470079693,3.08702716791581,0.014482343061957902
0.09475676827152732,-0.11938158061047807,1.1793890673214096,0.06243133792295605,3.083755573336817,0.02762472137396806
0.09471658603292767,-0.11943508448448203,1.1803358974501226,0.06272273987837476,3.0717346016411367,0.023225874122318687
0.0948025115820543,-0.11936208223397078,1.180189836998065,0.06128433107353625,3.0769543916428406,0.023057560774777587
0.09478386906434531,-0.11933723507202704,1.179038446279986,0.061744091540778215,3.0888808647510606,0.02768348499196666
0.09481667242760362,-0.11939521090299067,1.1814678154995346,0.06092188284544157,3.0758135844916956,0.007812560774432209
0.09483334822810631,-0.11935880422503184,1.180283901263482,0.06124946130451565,3.0770418575256047,0.026521683558731565
0.09479075978719541,-0.11943341567234445,1.1810462543091982,0.062018355941103935,3.078525375301242,0.014237507908362482
0.09483909557042047,-0.11934286036368158,1.1799256208337636,0.061673392242526916,3.0860554211137936,0.02214278180597266
0.0947672770020932,-0.11937848142068913,1.1803911291201394,0.062088243107227846,3.0834319213811434,0.019806055959452788
0.0947672770020932,-0.11937848142068913,1.1803911291201394,0.062088243107227846,3.0834319213811434,0.019806055959452788
0.0947370181871942,-0.11939594325106909,1.1795437230425183,0.06251359766463556,3.082456237584043,0.02263841995277406
0.09472974837949819,-0.11936851304279858,1.1790626284702552,0.062375820309812244,3.08642571450121,0.02810731325039121
0.0947394615219191,-0.11936555939337677,1.1792361668672597,0.06257139945623297,3.080208933123483,0.03212547413888053
0.0947694980218329,-0.11938126723437265,1.1795668531103554,0.06221633837532663,3.0854452005568547,0.025503797289882123
0.09480989310427435,-0.11936931676974835,1.180457500462308,0.06092614798454931,3.077898796623475,0.018405493655606148
0.09476888869713311,-0.11938843792815779,1.1804057649545827,0.06183800556137307,3.081203941412389,0.01920192125024565
0.09480945335725652,-0.11941019738860996,1.181174523345353,0.06147380418485143,3.0773565031652335,0.01024703709306386
0.09477615249526175,-0.11936796058760467,1.1793701287679583,0.062161948171867126,3.0904650247397836,0.024212670628507873
0.09475956320194945,-0.11932089145527303,1.1785861072602175,0.06178816578596273,3.089772767883062,0.02771719806813277
0.09475956320194945,-0.11932089145527303,1.1785861072602175,0.06178816578596273,3.089772767883062,0.02771719806813277
0.09480472806247953,-0.11938778237956514,1.1803579329058247,0.061683125539951214,3.0753486250286035,0.017388748113328693
0.09481369814655231,-0.11937801956280233,1.1806953756982237,0.061093932520747324,3.0752525160067044,0.015971741402585886
0.09478875672697432,-0.11939091531203264,1.1812085235299177,0.061290468861607286,3.079555529550836,0.00794732599307709
0.0947569885953326,-0.11937866531066162,1.179276454429708,0.062321356342773436,3.0845759883429396,0.028421726631008958
0.0947104377269805,-0.11938425496744315,1.1787611906465227,0.06289625760329443,3.0900042335208684,0.03640012457860301
0.09474274795942654,-0.1193537655644578,1.179317122464996,0.06204650911011316,3.0826995506892145,0.028450228547718365
0.09478475226947145,-0.11940559004003508,1.181378209253775,0.061029764689895995,3.0766376182730752,0.010235817010320065
0.09476248101271831,-0.11930598178149983,1.1787082322954388,0.061804199030837385,3.088460234935838,0.03134609735340315
0.09481355454919514,-0.11939100584186439,1.1803731764608376,0.061461949235075204,3.0810457948698264,0.019450539187688538
0.09481355454919514,-0.11939100584186439,1.1803731764608376,0.061461949235075204,3.0810457948698264,0.019450539187688538
0.09477169714766837,-0.11933720258526641,1.179460143661929,0.06172189877922718,3.0873675368563713,0.02546478032908796
0.0947859699661411,-0.11936808925799783,1.180847327980474,0.06175655272793155,3.0789712622168324,0.018756956105438344
0.09478097406176726,-0.11943402845071002,1.1813682544095532,0.061744108241545644,3.0779798808814904,0.010049914529309487
0.094643869046647,-0.11941248849274466,1.1806515940045164,0.06179005471997835,3.072477727321987,0.00795618816083161
0.09470970995838164,-0.11935306947130224,1.1784016506944246,0.06264094064622502,3.087327202076981,0.03491396135923772
0.09484527493062567,-0.11935529723307847,1.1805911279966308,0.06116076890958864,3.079176434386935,0.018761744584174837
0.09473054571365411,-0.11936949753587245,1.1789977972785652,0.062345348933270414,3.091665147591359,0.027099085850758365
0.0947789120753721,-0.11937246792003225,1.1802629612618405,0.06163151464313404,3.0857434870620017,0.020162626425787155
0.09478368092937824,-0.11935931670244472,1.1792365390758777,0.06175112839753554,3.0825167105604008,0.026827439355202296
0.09478368092937824,-0.11935931670244472,1.1792365390758777,0.06175112839753554,3.0825167105604008,0.026827439355202296
0.09471568879635314,-0.11936608115578694,1.179081301541101,0.062005164174206526,3.082804487247252,0.02339726742409552
0.09468541549952977,-0.11938188658011058,1.1793397151610387,0.062020925566966575,3.0803389433152497,0.02065876544372388
0.09478094376457198,-0.11935433824315884,1.1798043920495516,0.06138026862469097,3.0799551656038258,0.02487406786121746
0.09473694999190806,-0.11939357883228661,1.1789580870893737,0.0626484471477817,3.0837034484684427,0.03376919620216427
0.09480494362016995,-0.1193612083158419,1.1801262945976965,0.06136734185116224,3.0840054828558467,0.019277672432601214
0.09475197812491265,-0.11939489978274868,1.179377655876562,0.062831104531021,3.0841132981749446,0.027980961523335582
0.09475978326069168,-0.11932667840965176,1.1793069352063983,0.061243580134143806,3.084337189550473,0.02275834894200252
0.09476392678261479,-0.11939179855546825,1.1801400281505494,0.06227966296941906,3.086602054198286,0.021257741785593882
0.09473787987628382,-0.1194008393486929,1.1789431249692204,0.06281489636787417,3.086509754163386,0.03401437339268277
0.09478541307935477,-0.11938028040152106,1.1801254639522403,0.061482691408129245,3.087874751930136,0.017005652762470867
0.09478541307935477,-0.11938028040152106,1.1801254639522403,0.061482691408129245,3.087874751930136,0.017005652762470867
0.09485011408037404,-0.11941844311170666,1.1818897921190292,0.06130967763747825,3.0760052043587134,0.005473652556006482
0.0947858062376016,-0.11939627886147114,1.179901939736855,0.06218691867342208,3.083982027602571,0.02508031992991269
0.0948184393849931,-0.1193661092401537,1.180206108784872,0.06083019756464431,3.082574474761237,0.015262204856608742
0.09478856715710283,-0.1193667534101942,1.1798949302995827,0.06142568568882266,3.0878479022232304,0.018684697908682754
0.09473792265130188,-0.11932169538814132,1.1785388452903902,0.06166177213195387,3.086075097771163,0.028194068503127518
0.09474429697987456,-0.11942443862125715,1.1797894219232414,0.06284290388951885,3.0851689337624912,0.023237393195759654
0.09479789389679386,-0.11939326047659969,1.1803615756114332,0.06142607836290287,3.084584231523241,0.014578000259852874
0.09478115761011768,-0.1193839535550634,1.1794785073862126,0.06219675764985238,3.0870313138457988,0.02559940142050956
0.09477256887021993,-0.11940250641490513,1.1798805655622973,0.06203722743517007,3.078384922312012,0.02524440891110667
