0.08493962075944163,-0.06454357734322384,1.2161702894004516,0.048162992123193346,3.0402625013621107,-0.38615148639656804
0.08480383720766665,-0.06454466992736657,1.2173154732976996,0.04935119791229237,3.0406576968242462,-0.38026790829651985
0.08491622547936266,-0.06447105772817444,1.2170005151568808,0.048459953885591045,3.0434208052193013,-0.3862339100451472
0.08495542277064154,-0.06470730952187743,1.2169274442611748,0.04965122043766957,3.0476107360595326,-0.38041703151491907
0.08493998772255822,-0.06457942463531587,1.2172718664464723,0.04912104824101361,3.0446909910569393,-0.3822832944559325
0.08487163448509225,-0.06445589373313412,1.2168977959892577,0.04873850939534132,3.0423356243533317,-0.39044099350394335
0.08502946114018639,-0.06462038422703187,1.2167034019837877,0.0491884877915639,3.0518659560539394,-0.385951666958052
0.08491630527236353,-0.06458090999980144,1.2171578664306122,0.04910706736090368,3.046343464292945,-0.38307649561696405
0.08491630527236353,-0.06458090999980144,1.2171578664306122,0.04910706736090368,3.046343464292945,-0.38307649561696405
0.08492935216933978,-0.06467710985190969,1.2168918682657865,0.04943867388601664,3.04438090398496,-0.3741894016243565
0.08493610289761334,-0.06451008646925399,1.2168266552402678,0.04934181847176726,3.045826856168634,-0.38826611625482893
0.08491555587258409,-0.0644755788167266,1.2172385140892918,0.04891228180731601,3.043488127052291,-0.38773817969941016
0.08492318397376038,-0.06450802733590748,1.2163748170864797,0.049245250256673485,3.0441194489769887,-0.3871886879044802
0.08486075401766509,-0.06444417902066697,1.2171796396989716,0.04863235193151023,3.0429258908868673,-0.38586288732513047
0.08492864155459935,-0.06449305531960751,1.2173068590308165,0.048758697299528635,3.0441664341393055,-0.38664410198333315
0.08488362311823254,-0.06451856813216075,1.2171663498011744,0.0487403979526733,3.0410801452865783,-0.38146405716976506
0.08483235912647193,-0.06441708622914824,1.2169301532686647,0.04949047600359272,3.0408235129735357,-0.38913691352021545
0.08491716166488276,-0.06444479865662742,1.2176923477218409,0.04890114573036759,3.041039994943871,-0.3852811172524349
0.08493799613748344,-0.06460896217180001,1.2172497834590494,0.04978019214030369,3.0476538479361923,-0.38146718245040256
0.08490955627667261,-0.06465927728867342,1.2169460491410367,0.04981071381868833,3.047287040231852,-0.38059364949526253
0.08485581623572361,-0.06459158525470929,1.2170476891522146,0.04989088546834728,3.044488895356109,-0.3854372204933883
0.08486684598486519,-0.06461079949353356,1.2171868475443315,0.04897816970924146,3.04248916092009,-0.380700080919841
0.08494673334893747,-0.06456519649171669,1.216689950281231,0.048587942281285816,3.0439546484912627,-0.38213321624233076
0.08501795973138723,-0.06446660910901587,1.2166935031976749,0.04897377416723735,3.0493080982141674,-0.3921975835378362
0.08492654762276079,-0.06450992761885188,1.217088183659404,0.049019642634081574,3.0419262667346683,-0.38412018360305955
0.08490626071800672,-0.06438714668074452,1.2165619641594934,0.04779184494746679,3.040452481103119,-0.39189540744453416
0.08471139891356436,-0.06437827858343192,1.2168001578017655,0.04907865817336573,3.0373810171532076,-0.3916153523432965
0.0849609778768057,-0.0642920804020716,1.216910556521524,0.04804982695157029,3.0391959234057486,-0.3931381692154013
0.08487514309597927,-0.0644638281197758,1.2172092675918456,0.04924480799254109,3.0433270431591892,-0.3854761752023538
0.08484795001601325,-0.06441230958304563,1.2162666172515855,0.049020839070203055,3.0394123423720756,-0.3891431572189531
0.08493545774036644,-0.06444762410815048,1.216476300873605,0.048329510106071116,3.044403189019302,-0.385050284388128
0.0849394286724339,-0.06462448532689258,1.216271863142488,0.04936182549942651,3.0448105004724644,-0.3807963188606072
0.0848097600385789,-0.06456138779870386,1.216688462436895,0.04921579419549855,3.0410240825509387,-0.38318901657767934
0.08497036557971974,-0.06461627083247211,1.2163231456324823,0.047881505088758894,3.0435659230226295,-0.3792443677932793
0.08497119451723842,-0.0645046034861562,1.2165615393039566,0.048151811921317775,3.0423294374568792,-0.3859428310994532
0.0849357245200006,-0.06457358262701877,1.2165365602459701,0.04883398151298256,3.043329647239359,-0.385280418571276
0.08492611267552871,-0.06451848384299519,1.2169635094040514,0.048549336153150685,3.041505680503421,-0.3849573881820209
0.08492972021752078,-0.06447633536234532,1.2170089431304205,0.04853255131595137,3.0427659894324903,-0.3838665963489074
0.0849075831332278,-0.06454299654350182,1.2172705563708959,0.04880309506380267,3.0419030678236916,-0.3824229161034543
0.08484293109798409,-0.06461596446202406,1.2166886506286547,0.049785768500235014,3.044030485597828,-0.3797145380314121
0.08492832362610019,-0.06457665906150191,1.2173071533513262,0.04989221979764764,3.047516435066791,-0.3826570251566315
0.08491556004359045,-0.06457008103025243,1.2167809036649389,0.04945211231427532,3.046307890031897,-0.382069904441597
0.08484223112013371,-0.06443676958274265,1.2169281434983104,0.0484770965369187,3.037402682630178,-0.38277685642851406
0.08505826478228909,-0.06455987076469011,1.2168832205163485,0.04842838997746354,3.0467477511454075,-0.3836616272843717
0.08497547949309518,-0.06447740945964836,1.2167335155283798,0.04945615095829482,3.0474341899375816,-0.3866376037380035
0.08491809910486905,-0.06438157769879044,1.217321120930707,0.049106569952494045,3.0420395885611398,-0.39060762757864326
0.0848511609121171,-0.06444138734249458,1.2173114593139664,0.04899944502489123,3.040183094504739,-0.3871444929363504
0.0850291544133535,-0.06437957507589052,1.2173340957261671,0.04844492144269165,3.045815326763167,-0.38649041599759243
0.08496757186685844,-0.06457365716910876,1.2172417783797385,0.04928736171854167,3.0463050526059408,-0.3812035320150543
0.0848552052378693,-0.06456455478196511,1.2167506514717388,0.049624278915729465,3.0449815934547604,-0.3866912724677734
0.08490552781378405,-0.06446251858153369,1.2171739497531506,0.04912009312241208,3.045516843578472,-0.3879543447995957
0.08502069289221878,-0.06440989606324422,1.217573865851268,0.047682642353560324,3.0371176723083075,-0.3795065866197903
0.08499425707955983,-0.06452918992920562,1.21701659020791,0.047988355340358176,3.0449219839546786,-0.38121752358690963
0.08478645686863957,-0.06448639298307339,1.2174795422449103,0.04871485356978074,3.03623202263014,-0.3840813756167508
0.08505989619821229,-0.06451124671982644,1.2167592900675013,0.0491504127897178,3.0479020207187464,-0.38351387441299734
0.0849968901052841,-0.06452897211210001,1.2171634710599903,0.04756346732752371,3.0432285012110953,-0.3794541793308969
0.0849027963851473,-0.06452437963994595,1.217219767858628,0.04897228864268443,3.04374646354171,-0.38437666264939924
0.08498922019806397,-0.06440502581954727,1.216789520927511,0.04934979474064716,3.045997676586006,-0.38924202519468715
0.08498004379530247,-0.06454603343377222,1.2178495008070773,0.04984512357414136,3.0490423380566902,-0.38122592559122287
0.08488275139272072,-0.06441797359026505,1.217370882352788,0.04898387904424185,3.0419828852413118,-0.38627127045729226
0.08489072785598856,-0.06454082774042505,1.2167135397701951,0.04908198580862532,3.0419950117558567,-0.3852621861020438
0.0849457249934006,-0.06455729236756597,1.2169771829664775,0.04841930209232742,3.043500090074876,-0.3778533725259704
0.08499205466016155,-0.06458765734701295,1.2170949532103332,0.04921560085874158,3.046236285031674,-0.3807083876171283
0.08506753873190726,-0.06457560003275906,1.2162270934309825,0.04923530759895216,3.0491752002169665,-0.3850079374544908
0.0848153455240687,-0.06453703194617096,1.2166331940172674,0.049437234524095784,3.041062776083736,-0.38553487885458837
0.08498861304091884,-0.06441297859635443,1.2169841459220234,0.04877641285390712,3.043619502296695,-0.38765225180176516
0.08498044772453409,-0.0646006717770218,1.2172899563167792,0.04929615335893695,3.0479070944028956,-0.37925608659319093
0.08489350794164957,-0.06452057056956478,1.2165160961717294,0.048889169372299694,3.042179019277879,-0.38583302957192256
0.08501559804588336,-0.06455524107294593,1.2165745712799299,0.04949148282031003,3.0491125197186872,-0.38553003260442603
0.08490156262045515,-0.06443910215974957,1.2174532510048328,0.04899372987422844,3.0449334034644635,-0.3872094831166903
0.0850124580265847,-0.06452667344695279,1.2166606047763648,0.04883067513335335,3.045019047638695,-0.385245665809095
0.08505464582262304,-0.06460198740112337,1.2165506974147153,0.04880258234919304,3.047467215562596,-0.38081285912114465
0.08483072404561559,-0.06460273926298733,1.2166430415785443,0.04948969027719481,3.04276735842173,-0.38451428604632104
0.08477556908219915,-0.06452307325066148,1.2168819290241242,0.04949744469184606,3.0403019291371254,-0.3862005472758134
0.08496320694275052,-0.06448289284031412,1.2168191258969763,0.0487592449159691,3.042933670299428,-0.385572674311938
0.0849045536725936,-0.06439947262298208,1.2168650041760514,0.04753377256310878,3.0398040533232056,-0.38438123432313026
0.08501265385178601,-0.064493623880641,1.217177847768607,0.0490095216214345,3.043340021332038,-0.3811774109421884
0.0849113549396846,-0.0644650637667274,1.2170159006835177,0.04847417028244612,3.0437827057524833,-0.38659438567047855
0.08476248719446311,-0.0646216059862845,1.2170079977197963,0.049760928963088105,3.039855553766766,-0.3799077048355883
0.08501223872322641,-0.06447614820389802,1.2161667710593878,0.049364103220328096,3.0466171111023157,-0.38733685583355215
0.08494458446002646,-0.06459672158805249,1.2171472145825302,0.04904174640347506,3.045839227926323,-0.3827340530090839
0.08497129744253894,-0.06441571007794412,1.2172041309587467,0.04906638646265324,3.044389095964443,-0.38788878230771645
0.08476151840242979,-0.0644480743368186,1.2167268814664798,0.048333634812037195,3.0322922181352507,-0.38261867023930873
0.08491706391632459,-0.06456625542961182,1.2164274381340905,0.049458751349310805,3.0469001210548345,-0.38757467097466547
0.08485606341988652,-0.06441836294799062,1.2172128173863788,0.04821262026453338,3.038600390334211,-0.3839614738714824
0.08507215303460161,-0.06469036996760388,1.2163290197737335,0.049107605637454366,3.0502468783214503,-0.3752411903561851
0.08488186666042698,-0.06452621415544837,1.2166257905738707,0.04894458414970856,3.0428229791077634,-0.38313270438533054
0.08494883560312926,-0.06434877090791764,1.2175249948227074,0.048250504773064924,3.040616230078834,-0.3869743120571249
0.08497298751821379,-0.06442342696917538,1.2171889968584169,0.04877533523315866,3.0451348991850415,-0.38527011476932554
0.08504422979391392,-0.06446362518516055,1.216916631004376,0.04901999822018632,3.046450756365899,-0.38580057285298225
0.08504194832255346,-0.06452882466010472,1.217208543526213,0.04825411197536142,3.0489197828611982,-0.3851759099762975
0.0847389951202082,-0.06461896286069335,1.2168996167160984,0.049717528606902366,3.039930062432594,-0.3803381522023239
0.08492553753435592,-0.06450814522967992,1.2163680604451186,0.04864260967943515,3.0447987912229793,-0.3862597752356237
0.08494661396806089,-0.06452680710959745,1.2170507685119796,0.048174074175762124,3.044542509218117,-0.3851100680628401
0.08489805003831398,-0.06448271419654703,1.2167305819510337,0.04879235708595238,3.0400250798302566,-0.3863603104530068
0.08499707348832254,-0.06438013345837428,1.2167043779108955,0.04787834512266836,3.04345953108904,-0.39229516751638194
0.08483148319657036,-0.0646384018480728,1.2170218374695452,0.04905406249641713,3.0423447984480303,-0.3785562444500921
0.08480341843970776,-0.06451764629672099,1.2167139564100633,0.0490089821418364,3.039413559016478,-0.3844198840265218
0.08477853633450366,-0.06456077965004586,1.2169101450474606,0.049386139998244344,3.039988160655479,-0.38082141651124585
0.08482153953492474,-0.0644866511528385,1.2167597802937524,0.049240716800237935,3.040343208492257,-0.38664016569310955
0.08493775186347133,-0.06446641043529011,1.216729444964676,0.04828089138967239,3.0429593078226786,-0.3847220541817781
0.08497766807633991,-0.06449482362314793,1.2166432411413697,0.04897187980786102,3.045117099368535,-0.3846169395109574
0.08494876691775535,-0.06456860114783797,1.216457982790178,0.04952366594196428,3.046597626395684,-0.3853678785272028
0.08486801463210743,-0.06460483569372792,1.2166886131515184,0.04955311882567812,3.0447075912518633,-0.38221119409657867
0.08488017495830488,-0.06436415171328548,1.217005865601653,0.04809976395848995,3.0378077522928697,-0.3884192364404265
0.08488017495830488,-0.06436415171328548,1.217005865601653,0.04809976395848995,3.0378077522928697,-0.3884192364404265
0.08491240350042949,-0.06444618173674775,1.2169491653237674,0.04910967608919303,3.0419022069128485,-0.38926308000693005
0.08488632021939442,-0.06453425403791647,1.2162521833562245,0.04939947693070167,3.0447446388617996,-0.3878330507230824
0.08492704985271829,-0.06456391242605497,1.21660193636183,0.04902235040727262,3.0433422382251005,-0.38028120482231886
0.08489544113497743,-0.06451145489722204,1.2170433713635325,0.05022766002996565,3.047064021119146,-0.38737255001006293
0.08501091117972537,-0.06455866208660688,1.2166541094886967,0.04943145711776604,3.047734359129633,-0.38034625963906593
0.08490443274565498,-0.06454016105075473,1.2158651882198226,0.049268327702406946,3.0464379106239776,-0.38923268937474914
0.08502518281072058,-0.0645598481859187,1.2164247170683484,0.04918054788710354,3.0509557421667717,-0.3878997051969247
0.08493119087716221,-0.06445000421221891,1.216958047554285,0.04871403334703369,3.04315185559567,-0.38733388708104194
0.08490789199350042,-0.0644042419137784,1.2170903150166401,0.04859153235910076,3.0390174567365564,-0.38849406882913295
0.08479398995396124,-0.06449006835427741,1.217059640015301,0.05003634281960736,3.040195370931649,-0.3829690913403794
0.08491428860874699,-0.0644856605654689,1.2168929472764414,0.04905995787420096,3.042847458099894,-0.38275989336726085
0.08492979523407829,-0.06441786468547003,1.2164090670476095,0.048734303147122016,3.0427232400428967,-0.39103953282212917
0.08492932746976549,-0.06456645286724724,1.2165804242210994,0.049805086904120194,3.0460932431343615,-0.385777984179421
0.08496421194816818,-0.06458817832271108,1.2167058142697262,0.049332338996368165,3.0470160214505673,-0.38278496561757874
0.0849878669419569,-0.06452171858674817,1.2165384821969258,0.04940358920044663,3.046807187108789,-0.38711376611037346
0.0849373597040481,-0.06456923988966133,1.2164898161394873,0.049497213086932404,3.045251245656133,-0.38361705941985874
0.0849658953548351,-0.06453233975122712,1.2164225966436937,0.04925986129315041,3.0457842247581577,-0.3849422503109318
0.08489954484374888,-0.0645611272598495,1.2165953122578894,0.04985220759021786,3.047318072518583,-0.3859627196998331
0.08489954484374888,-0.0645611272598495,1.2165953122578894,0.04985220759021786,3.047318072518583,-0.3859627196998331
0.08494906197914073,-0.0646007806266708,1.2167697395247634,0.04930318236952896,3.0453259311297907,-0.37815493337920203
0.08492018797425466,-0.06450036518937599,1.2164466142323618,0.0487206894634407,3.043807929987987,-0.3884677259087551
0.08499493082060477,-0.06461798080789488,1.2163446328578311,0.04924894294572552,3.050815000792143,-0.3800586873751691
0.08502063443362784,-0.06438886841771431,1.2169605648113149,0.0479856750921765,3.042060119397247,-0.386041470406335
0.08492229694623177,-0.06464067306113053,1.2165207786594,0.05006946630192466,3.0452593266569443,-0.377871251475436
0.08486634268931902,-0.06451512580601101,1.2164437831033703,0.04957432700897382,3.0422368208175796,-0.3859069991620438
0.08505648266112603,-0.06440473024168246,1.2169055319552111,0.04850878643057122,3.0465558762579152,-0.38987188733254147
0.08490530821944331,-0.06446135895317497,1.2170318360548849,0.048408323612894794,3.0410077818939802,-0.3836353069698951
0.08494811358766842,-0.0644125995016058,1.2171030240163971,0.04830003775622084,3.0409779920662308,-0.38614014705410094
0.08494811358766842,-0.0644125995016058,1.2171030240163971,0.04830003775622084,3.0409779920662308,-0.38614014705410094
0.08496964199204828,-0.0645233159786818,1.2166729187473624,0.048982619408190375,3.044129695497828,-0.3845665017532595
0.08506193588537986,-0.06458168119524052,1.2164354955926813,0.0495494916827145,3.049702248222802,-0.384525919726462
0.08495389252154721,-0.06450578688062422,1.2165922573258385,0.049321902146023666,3.044760164688728,-0.3860797489973544
0.08495342408979988,-0.0643590974610707,1.2168208807252734,0.04721473645421637,3.0371745631020812,-0.3867226275064904
0.08487066374634711,-0.06444700740645166,1.216815939371683,0.04927205950066031,3.0423940955429853,-0.38694397248528384
0.08495826882390438,-0.06442466690056972,1.2171143785169165,0.04859603152436068,3.0437679548514507,-0.3850691022922448
0.08483996666331567,-0.06444522075082702,1.2171894311594011,0.04951401455198371,3.039436787044572,-0.38473834790358485
0.08490219730484026,-0.0644296333907876,1.2167759672226943,0.048174250951418904,3.040883052293373,-0.3882196032199876
0.08490364141045195,-0.06448588640790516,1.2164958315637093,0.04882656151579197,3.042929414012738,-0.386296506301404
0.08498801484395807,-0.06444422235533419,1.2169273650807433,0.048671992231814225,3.045053501191543,-0.3878219036077011
0.08498801484395807,-0.06444422235533419,1.2169273650807433,0.048671992231814225,3.045053501191543,-0.3878219036077011
0.08504586687266832,-0.064406894976551,1.217237849917969,0.04818270820129711,3.0424842241024153,-0.3840655165093581
0.0849022328924161,-0.06455946365521377,1.2163733351467747,0.04990951439540798,3.0451456956392815,-0.38451627516253784
0.08478043461150968,-0.06440916551925517,1.2169595648471203,0.04867420434046371,3.0370686016034414,-0.38697918585691393
0.08504162456631477,-0.06447544404495523,1.2169070549237704,0.04888001248010686,3.0464503129446587,-0.3836504822068946
0.08491621140729544,-0.06447217893710434,1.2170338122877185,0.049306083014683165,3.041839063505586,-0.38345560169679527
0.08497071447761358,-0.06448484520469464,1.216803741767814,0.04875134966569711,3.0432877745873257,-0.3857792724665638
0.08496997829990663,-0.06455815513672443,1.216673603995686,0.04953062539543855,3.0485343236726004,-0.38654597482792524
0.08494478412218198,-0.06451630452450201,1.2166393692600916,0.04847475282787143,3.0422657106527544,-0.3786438798300346
0.0848688926389854,-0.064449972290995,1.216836732958406,0.0487064059902231,3.038828386159832,-0.3840217236369959
0.08498930665549652,-0.06447266050166676,1.2166960475056716,0.049309076524908416,3.0463948059804777,-0.38703262193059884
0.08491549197525079,-0.06442449423305723,1.2167891244656945,0.04900724683964993,3.0421945069715064,-0.38698432871498867
0.08497112407421498,-0.06452367918408763,1.21662903731565,0.049307379373948045,3.045534368453323,-0.38574934130267685
0.08496237253981977,-0.06456476091391947,1.2165342041148024,0.04899072725790023,3.043806792588379,-0.382308521538561
0.08489226545958767,-0.06438276939459574,1.2172481878436108,0.04882857916772498,3.0409582498941123,-0.3876981571460793
0.08488277960028137,-0.06453945841284085,1.2168284008482884,0.048542707064613985,3.0391069124425396,-0.3767464483125676
0.08496071781021204,-0.064421468862058,1.2172121213698417,0.04814752961016202,3.0402504701593958,-0.3852529415207416
0.08484481872978353,-0.0645087238201663,1.2168479869846813,0.04930472188135745,3.042251786243543,-0.38100020382477473
0.08489826750468962,-0.06456866265786936,1.2167341712537967,0.05000512013258916,3.0441866014908388,-0.3815840907603488
0.08501070677651638,-0.06447084341966758,1.2169066065663674,0.04873489133142837,3.0436286604791927,-0.38205010126221634
0.08498368749558306,-0.06449253722641742,1.217154371391228,0.048990904582498565,3.0451920457250203,-0.3831850529975628
0.08495879169848539,-0.06440080498447816,1.2164561538068104,0.048515286127673925,3.0416425528745354,-0.39086683402244626
0.08492689306080321,-0.064565351800596,1.2161622708630395,0.04942302906180751,3.0444599669020276,-0.38406848912624914
0.08489109269113757,-0.06452163600315687,1.216519156948031,0.048896648625666124,3.040674807264441,-0.3826160412613424
0.0849769988401207,-0.06458971107878825,1.2162516424582472,0.048626011771721656,3.0450219540232983,-0.38092244934302283
0.08497253693211312,-0.06448812969560014,1.2163813833008528,0.04877250785470752,3.0436687697858504,-0.3865107120792943
0.08496461887389632,-0.06453390843520909,1.2168714461227683,0.049286901320856315,3.044204696672915,-0.3812044482983204
0.0849578782205143,-0.0644599276312429,1.216251835760341,0.048471971479100456,3.041827122515747,-0.3869901468464996
0.0848840905287022,-0.0645013148648512,1.2162392550027945,0.04799590201091982,3.03876515631278,-0.38577296062168026
0.08495687934261402,-0.06451646378337751,1.216843999061669,0.04939453639238349,3.046941500495367,-0.3856235099771525
0.08490357639167055,-0.0645531456394018,1.2167922210428221,0.049183135385434236,3.0431635822383436,-0.38330917712606905
0.08484429481475363,-0.0643973507367998,1.216729538604214,0.048105522074830126,3.0377886385051185,-0.3885703142761718
0.08496583195997978,-0.064593120649733,1.216410581473148,0.04894674126902909,3.04261103436596,-0.38343726982783166
0.08494424960786277,-0.06450770681105869,1.2169010670524707,0.048430202832366674,3.041860841206304,-0.38296933399713634
0.08488827468857714,-0.06455309321643511,1.2168634864776362,0.04983856584600989,3.044651832842755,-0.38343663808272116
0.08480555526149855,-0.06444288619584036,1.2174691518785536,0.049616292076248604,3.041566541810578,-0.3875315845149789
0.08480555526149855,-0.06444288619584036,1.2174691518785536,0.049616292076248604,3.041566541810578,-0.3875315845149789
0.08494474536243123,-0.06440706629934802,1.2168229655081728,0.04913004160181647,3.0430359529886286,-0.39011122584689367
0.08501509585564773,-0.06458761563590315,1.2162921646079992,0.05001636105376501,3.048726944919753,-0.3848161187678437
0.08490078216720914,-0.0644442599619631,1.216244500848517,0.04963138168917817,3.0438358015431404,-0.3925347377254498
0.0849763408138883,-0.06441434397897208,1.2164957355999921,0.048597546208018025,3.0432517676236324,-0.3892462853397019
0.0848927947724231,-0.06445227083396572,1.2170739635061394,0.049428397425864724,3.0439699611297284,-0.3878729810759526
0.08493181587988216,-0.06455500480536977,1.2168256067907286,0.04925654414364151,3.044081033494494,-0.3796487424297073
0.08488315677931062,-0.06445643320138503,1.216055364230327,0.04840455807776884,3.0406746446300947,-0.38773681713954483
0.08491965826771615,-0.06442602035788861,1.2170275376993174,0.04907323011398406,3.0413724884021263,-0.385950286833427
0.08494922853689682,-0.06439812966609255,1.2166591903450445,0.04842056040573264,3.0405728344325293,-0.3880277601400044
0.0848967685327812,-0.06453738549854816,1.2166751691909041,0.04997138918893908,3.045718993118623,-0.38519582737608243
0.0849874035567747,-0.06456375314618862,1.216460648469584,0.049026213936555346,3.0459161702275575,-0.3854791160789948
0.08494495050072193,-0.06447066415498552,1.2164763948779678,0.04950253330480053,3.0470610012724753,-0.3885858678621674
0.08497213905434184,-0.06443601395194638,1.2169049728963457,0.048980104149357655,3.042313919277917,-0.38415498346688964
0.08492116153196462,-0.06442028253119457,1.2173203520547111,0.048965123483905144,3.0433833052389403,-0.386560937880596
0.08479674715622545,-0.06460374946300018,1.2160880274613741,0.04943510541839272,3.0422863863898546,-0.3812230356157544
0.08490836234737847,-0.06449146873762354,1.2161946145511155,0.04804746890081295,3.040814276725903,-0.3821433648567915
0.08498576050052808,-0.06452486682330795,1.2165552021616723,0.0484832138006966,3.044125826039024,-0.38079442779409256
0.08502084822082825,-0.06448405021711358,1.2168922928847414,0.04888949050457245,3.045559442655823,-0.38533941233324087
0.08499140259144002,-0.0643996172670073,1.216779343891081,0.04857596171958914,3.0437480268556443,-0.3894910898570467
0.08499933608533095,-0.0643989192305828,1.2169946281049884,0.04869981619145676,3.0431803304616167,-0.3879346418478643
0.08485343835753446,-0.06442941243718496,1.2163973623938562,0.04919598020612361,3.0436044129494975,-0.39070361328101466
0.08493929809446454,-0.06447968607167386,1.2160556245797054,0.04917441326556525,3.0457407991474934,-0.3893873343740503
0.08497797787812601,-0.06466373592109638,1.2161838173556434,0.04985800226731265,3.049529641564684,-0.38067033503506054
0.08488893361453029,-0.06447304065588359,1.2170387735040507,0.049511647132374687,3.0434874949480903,-0.3875076626776992
0.08497093330722076,-0.06452800577969016,1.2161758537790952,0.049436677753181286,3.0475731286401717,-0.3883459168972469
0.08497489822851298,-0.06452429014608038,1.2168634481611802,0.04880420881515593,3.0434893142556327,-0.3814433567567691
0.08498524925032963,-0.06444268993740727,1.2164564437307681,0.048852667559463936,3.0446901177351315,-0.3898546962047279
0.08491900039426005,-0.06437020893271678,1.2167708686246488,0.04827141847969844,3.041400085733243,-0.3891587274040956
0.08488525895135746,-0.06437011732236908,1.216844202701628,0.04912067339198639,3.040785782439144,-0.3900985532971982
0.08496476119383208,-0.06457092394439688,1.2166817191196038,0.04932870251144622,3.0472226437864083,-0.3815558870026783
0.0849449864922338,-0.06459258948578052,1.2164001267198323,0.04887493130721356,3.0457225268297057,-0.3797397486429664
0.08491979538334092,-0.06449122103064342,1.2166217930233447,0.04881319006771291,3.0411644139325564,-0.3851469345125522
0.08495910101044606,-0.06446646402210349,1.216514847522076,0.04908171391114294,3.0450156156759127,-0.38752733851141485
0.08481912611905397,-0.06447692229207014,1.216694448116113,0.049639424643743296,3.044588889599959,-0.38516132251530893
0.0847868027532608,-0.06446066104656978,1.2166001199341343,0.04961003298107741,3.041110972927203,-0.3889239889020341
0.08490397684101297,-0.06456636115425336,1.2165819384823184,0.0498062548901499,3.045712821660994,-0.38312480579120234
0.08494970775523977,-0.06451714385664269,1.216629102727584,0.04908359318840594,3.046147078307934,-0.38661676114476756
0.08490057247800002,-0.0643478909293554,1.2164978683553662,0.04893685121776261,3.0427817714742216,-0.3952287896086321
0.08478016744492622,-0.0644566266263991,1.2168384990564274,0.04955972813978776,3.037850129616084,-0.38328978179842643
0.08489050941095067,-0.06456572070251554,1.21662109237955,0.04889594486289436,3.0430230160114933,-0.3821461235927189
0.08491591456271134,-0.0644140688061077,1.2165464716240593,0.04953751136716796,3.0452725916161727,-0.392231593854789
0.08494860189362996,-0.06440988698086264,1.2166825088530167,0.049372906481586286,3.047372010566964,-0.3925674363672618
0.0849758941020267,-0.06458238453623867,1.2165616191745086,0.048175952600578366,3.044286861926948,-0.380314496477415
0.0849758941020267,-0.06458238453623867,1.2165616191745086,0.048175952600578366,3.044286861926948,-0.380314496477415
0.08493208170633408,-0.0645606790405094,1.216329386746332,0.049807434917072124,3.045144031433481,-0.38655275044852155
0.0848241342852606,-0.06455951178395154,1.2167399487523198,0.04940440540323139,3.0419011953367114,-0.3848753267998312
0.08488761326426997,-0.06445519576767236,1.2167030827896417,0.049060143012006,3.043068664997124,-0.387264710307437
0.08479780232674144,-0.06458131943161126,1.2165443953279023,0.0493709886426467,3.040977882561983,-0.3801950475213069
0.08497461394679764,-0.06451787276663849,1.2166025985627846,0.04907766504124542,3.0484320346094917,-0.38598465768745344
0.08495881263313473,-0.06449138596653924,1.2170894590699384,0.0491445696281238,3.0465299957793035,-0.3846120301985439
0.08496716333411075,-0.06459642815032365,1.215896218195495,0.04939903365600437,3.0480180632129312,-0.3848696434728302
0.08486264736136877,-0.06441950557302024,1.2172338264388842,0.04824053332270084,3.0371714075948164,-0.3850031335314517
0.08498682516192838,-0.06450449744897527,1.2166234337455968,0.0491238818716643,3.0456651066623777,-0.3872235427857728
0.08498682516192838,-0.06450449744897527,1.2166234337455968,0.0491238818716643,3.0456651066623777,-0.3872235427857728
0.0847597845820085,-0.06438688271601298,1.2167525296343848,0.04967620751140848,3.0397583298123445,-0.39131868072106046
0.08495957837314554,-0.06446546460558042,1.2166523370897873,0.048862608905525434,3.0453370700268847,-0.38880298548481657
0.08487667518345211,-0.06449036780835701,1.2168813809483792,0.04943340819234879,3.0433413443951087,-0.3881115253577224
0.08500353498317899,-0.0644371815991863,1.2169375503387398,0.049201534477111356,3.046675665220813,-0.38989787266556547
0.08496867944266596,-0.06446312152760801,1.216507429877704,0.04902133040607748,3.0437930226013976,-0.38674159762897187
0.08500290912140779,-0.06447481079732037,1.2166237079019708,0.049234627698696604,3.047685328598833,-0.38812603606578766
0.0848680944781338,-0.06448823249787282,1.216405296991836,0.04890203174135881,3.0442940881674594,-0.38774029386988507
0.08491561570316021,-0.06448523855438887,1.216860967860182,0.04928512707446319,3.043428725991154,-0.38899631611767743
0.08489613603243794,-0.06446409610419959,1.2168371534744715,0.04989354344337194,3.046237906676147,-0.39199459996533476
0.08489613603243794,-0.06446409610419959,1.2168371534744715,0.04989354344337194,3.046237906676147,-0.39199459996533476
0.08488498470737241,-0.06462195988838008,1.2169494568527381,0.04896990464925024,3.0425398719519112,-0.3745561815781185
0.0848779595456903,-0.0645379630671695,1.2168798033933823,0.04827207582810937,3.0403257211914454,-0.3817148057129292
0.08486058066328638,-0.0644957097932378,1.2178098360436194,0.04865109187722096,3.038144780351718,-0.3803442753385126
0.08496851743612396,-0.06445905645242136,1.2168542087921803,0.048276966403123976,3.043118405014172,-0.3849650714074611
0.08490050643831558,-0.06467653397067658,1.2159410120625969,0.04988733467117854,3.048466722317725,-0.3827992414399649
0.08486710231567891,-0.0643786381277385,1.2172635571647854,0.04761714516645429,3.0397174887760294,-0.38967511858967757
0.08496573455007542,-0.06461136330497437,1.2162881978112081,0.04957005864681472,3.047589731306613,-0.38277466470355465
0.08488196609411364,-0.06442783047578267,1.2172353059507937,0.049226295916306284,3.042494534031353,-0.3850305097893943
0.08486342410508665,-0.06450048893347936,1.2169140508038045,0.048832166067409206,3.040707455425455,-0.3844189991013152
0.08488745381185792,-0.06458397896927606,1.2164205203917422,0.04956651068110158,3.0442185618680875,-0.3819031007043997
0.08488745381185792,-0.06458397896927606,1.2164205203917422,0.04956651068110158,3.0442185618680875,-0.3819031007043997
0.08487602434088287,-0.06450947566771457,1.2167029773799543,0.04905971426060619,3.0423776706658083,-0.3842681492547196
0.08505177570130121,-0.06466450537536138,1.2166258247152189,0.04939630260184542,3.0514190592884227,-0.380518898635962
0.08491163940971184,-0.06449013484775032,1.2167105238535454,0.049129007067848285,3.0445776305549117,-0.3874057015807479
0.08495090654395639,-0.06435170476229488,1.216719934814583,0.0485777863589733,3.045684826282442,-0.3946489222207742
0.0848992664142254,-0.06442804914133458,1.2170644574608933,0.048377553683552066,3.041654505453806,-0.3858154079860692
0.08501036596790014,-0.06459764028941653,1.2167939471100824,0.04876430030659833,3.0477740360927763,-0.3809276052307984
0.0849157985922813,-0.06438945977635692,1.216557466317302,0.04823332465790891,3.0409056463948883,-0.39023484940307973
0.08498644601481209,-0.0646310060380804,1.2166047447275694,0.04958563119343494,3.049021559500382,-0.3810724120325632
0.08498644601481209,-0.0646310060380804,1.2166047447275694,0.04958563119343494,3.049021559500382,-0.3810724120325632
0.08494503993731925,-0.0645151646947529,1.2169041129402391,0.04928139755893219,3.045924688820676,-0.38530750644691664
0.08494261806131823,-0.06449320972530763,1.216595752450568,0.048995402927377404,3.045705428968862,-0.38862981538871727
0.08494342298241302,-0.06451996135655638,1.2171193788176096,0.049166537197231,3.0432866211989285,-0.38117632861815837
0.08490153877759174,-0.06457613527723538,1.2170225248135582,0.049801702483197825,3.04492824371542,-0.3811034895144191
0.08493157869802921,-0.06434923263382315,1.217088351616197,0.04820093547197497,3.04326214816569,-0.39127394964192597
0.0849949932495007,-0.06452925779874384,1.2170682303106726,0.04946003140064704,3.0481458574264018,-0.38386240720405085
0.08481998282644682,-0.06455419135880631,1.2169062223387466,0.05002177098149329,3.0451302313798894,-0.38316791842878317
0.08502600910156548,-0.06455547574779341,1.217123739012305,0.04883233912284279,3.0478518384147177,-0.3823812229469501
0.08487306311300695,-0.06436396015524314,1.2172195362134233,0.049223649947310995,3.0426104146666986,-0.39082027322677587
0.08487306311300695,-0.06436396015524314,1.2172195362134233,0.049223649947310995,3.0426104146666986,-0.39082027322677587
0.08498472469689318,-0.06436434955891036,1.2171480170205877,0.04841010639872691,3.0450723280535685,-0.3892060740851517
0.08495159514187849,-0.0646164872670411,1.2168153861059583,0.04977622461371975,3.047441386511588,-0.38276950097448353
0.08489599131999605,-0.06440621599633299,1.2176787220448961,0.04821854667731361,3.0389475186767583,-0.3854978272130469
0.08495919943044633,-0.06451125601934911,1.2176608355007987,0.04909117954529406,3.045176169863056,-0.3808478786091757
0.08514197777767768,-0.06461389503936729,1.2173849292180028,0.04780353520777702,3.0468473064521846,-0.3747219233972392
0.08502960272498344,-0.06460781396795756,1.2165408835802027,0.04964194360021628,3.0515136099031124,-0.3824983407905789
0.08508666664075369,-0.06454619380310861,1.2170006432044767,0.048998773785286,3.050391115845854,-0.3841276838933672
0.08504787199231012,-0.06445559667601966,1.2173183983848006,0.04817344365882915,3.0457371031416653,-0.3844493646252594
0.08492414187831188,-0.06445604691785686,1.216661902074958,0.048417001848324835,3.041090159872658,-0.3860473105355921
0.08501715714947486,-0.06457100045671825,1.2173728406175148,0.049186924317774924,3.0499886111680454,-0.38356916976293487
0.08484726652560694,-0.0644516426890313,1.2167602981092922,0.04867103042650243,3.0403653916018425,-0.38315071475060863
0.08484726652560694,-0.0644516426890313,1.2167602981092922,0.04867103042650243,3.0403653916018425,-0.38315071475060863
0.08478163484022666,-0.06442111374501026,1.2171683291459292,0.04860851966244452,3.037519212588237,-0.3883071754861963
0.08485164859546679,-0.06449906906996153,1.216555910874222,0.04907985223412157,3.0409249199418658,-0.3845106325438327
0.08494109216619956,-0.0643571505023938,1.2169343621661384,0.04865196747901074,3.0416685455255696,-0.39094870709042095
0.08484771354909429,-0.06448176749440133,1.2171439337137664,0.049365062115017386,3.0403283842981392,-0.3812563359765022
0.08485678914599622,-0.06456117734307704,1.2171199302341786,0.049806274886444735,3.0447232623763028,-0.3834560756862473
0.08497474184857211,-0.06448957608322475,1.2174047482260006,0.04917971223423162,3.0492764069877683,-0.38582547520359584
0.08495740689727649,-0.06439709581161762,1.2173685976790136,0.048673811362033484,3.042501194693634,-0.38697090069327006
0.0848564457681551,-0.06448739863258733,1.2173504682045169,0.049760925614583104,3.0420351853603305,-0.3847881421605044
0.08506316484715463,-0.06467044367758205,1.2167918235372623,0.04941563665841304,3.0519926200059437,-0.37766464624229273
0.08493191499763189,-0.06458758748394614,1.216998732441349,0.04924982708680627,3.0474501268794185,-0.3817908000764933
0.08493687320047706,-0.06463990726282302,1.2164518721571365,0.04985466619487896,3.045111098450638,-0.382842748549359
0.08488690323794218,-0.06460486283597992,1.2167651745689574,0.048506089370798415,3.041126582630241,-0.3784301804726372
0.08491359442549459,-0.06449419862483816,1.216618643669686,0.04916954079820069,3.0452779019272005,-0.3881609021946987
0.08497112796616078,-0.06450274588500103,1.216374769615898,0.04864010092555077,3.0461829469831367,-0.3882951976955349
0.08487102087503598,-0.06459325975837846,1.2173013066611726,0.04957277800855775,3.0446218029476073,-0.3815745264615452
0.08480601485152833,-0.06449165439834807,1.2174959837025536,0.04886227171071049,3.0377131242664532,-0.38153606016218
0.0849005996668032,-0.06448377096325757,1.2168552188192403,0.049070060206399625,3.0415701064471996,-0.38516219020731113
0.08504137489414518,-0.06448063842428774,1.2173215882455377,0.04878905366051035,3.0464250923473903,-0.3831806302106924
0.08488159944299245,-0.06457515420098583,1.216911034992594,0.04934828555730274,3.043973978448464,-0.3776028930333845
0.08494463634730888,-0.06452504435310501,1.2177635653496617,0.048623173264783846,3.043063033133685,-0.38177572979268903
0.08497916969495817,-0.06457750541263309,1.217982079940728,0.04896802782385784,3.0482239067050796,-0.3803517608781405
0.08493411058635543,-0.06445939627779763,1.2170698201931618,0.0482376255204794,3.0441626467585015,-0.38639205426766077
0.08485819145946916,-0.06444866087399286,1.2171177258737997,0.04882707410551026,3.0424269607586996,-0.3850911532537021
0.08484645545405708,-0.06441229434086823,1.2171922689555175,0.04831702761726038,3.0377610260996466,-0.3837384078214589
0.0849415241639628,-0.06450169857514655,1.2171167948953827,0.04851118359238679,3.0445896889195048,-0.3869635972101985
0.08497075266306776,-0.06456719274395963,1.2167312183000079,0.049032688213553714,3.0454046891695903,-0.38252692399729743
0.08491078233103617,-0.06470728004850222,1.2168835177814958,0.04921781912624476,3.0479914990240267,-0.38065924012196
0.08493755409156264,-0.06463263337049653,1.217197002247585,0.04969632013403584,3.048933692507247,-0.38107173614973844
0.08510870389218202,-0.06452504414360784,1.2168389563510205,0.04814306454476538,3.0481698515276627,-0.38429416792200116
0.08487855439722726,-0.06463906875672802,1.2169201550693927,0.04943748546198381,3.043015034419615,-0.38041284060522357
0.08487747470320457,-0.06446174984183593,1.2174190872704176,0.049071390973152294,3.042654337175443,-0.38525450544915774
0.08494878498680605,-0.06454589890751508,1.2166209474742693,0.04924883199611415,3.0448896697652534,-0.3862603563979403
0.0849889921736059,-0.06444213387307236,1.2170672438457397,0.048233764451660076,3.0447130691014155,-0.3876838003676603
0.0848797581692118,-0.06455782993500715,1.2162776487276437,0.04885180664521955,3.043694569480533,-0.3871324088837055
0.08495007890721143,-0.06446059127849485,1.2172268217990934,0.0490477452994865,3.0472443260342286,-0.3897635123640596
0.085000793417926,-0.06461950660364404,1.2165724057694693,0.04846184614199714,3.0469189827402383,-0.3823749624617344
0.08499096578783076,-0.0644072449614986,1.2171527657198866,0.04827525451548941,3.0448498038751906,-0.38848267822285365
0.08496144079356573,-0.06443742149396739,1.217219154008204,0.04773813040424066,3.0417836369075593,-0.38557954631440466
0.08494177352428098,-0.06457171084610894,1.2167812417131074,0.048659942492777074,3.044112219541965,-0.3816165626011625
0.08480107995578429,-0.06460973813588673,1.216855838568969,0.04937310982554083,3.039868297754004,-0.3802224259736677
0.08489840574741551,-0.0644709370143286,1.2170809337622592,0.04915290485837413,3.043051495235686,-0.38502486670234304
0.08494262855289014,-0.06468322379309864,1.2168310274548617,0.04995171659200306,3.048872682307729,-0.38025875181185237
0.08508762584080969,-0.06452166270804081,1.2171595847936443,0.04844723836701705,3.04977632765935,-0.38360793726379694
0.08498514450432974,-0.06456844071422553,1.2169530576875998,0.04905767742116993,3.0474040400351727,-0.3838683859225326
0.08495697750476269,-0.06457024032892301,1.2168659773028967,0.049317027995989506,3.0473245399692073,-0.3842838643455744
0.08483478174625486,-0.06455907386499186,1.216839109241843,0.04925481867524741,3.0423538168327497,-0.38446103235602974
0.0849846111701578,-0.06458598622101751,1.2167841221576927,0.049068269135864054,3.047203512114839,-0.38338796576784784
0.08496766802774003,-0.06450392840541452,1.217344159610189,0.04817872310052348,3.043645233470436,-0.3818639343615903
0.08485716070608615,-0.06456080269872044,1.2166257365408033,0.04932913835359512,3.0427920894379263,-0.3880863623928557
0.08487270859641813,-0.06459014229948717,1.2171461627373201,0.049685130269460163,3.043437225078356,-0.3797789742377712
0.08493557870129273,-0.0644980933227715,1.2169860505672663,0.04943325385464233,3.0463127576416573,-0.38947032950867033
0.08503572543085325,-0.06447659386032317,1.2164513121161709,0.04867232769053257,3.0464669558132265,-0.38878547857822193
0.0848662442767795,-0.06452422486011027,1.2166210532094917,0.049047511035733814,3.044756208406533,-0.39047641604265915
0.08487901007764395,-0.06456614932444563,1.2168365878348124,0.048734238573189044,3.0418653170340217,-0.3850430888581708
0.08489857403642578,-0.06457223765744867,1.2168111264791701,0.048238870391281344,3.0394771499174946,-0.37662834233988296
0.08491513801328379,-0.06450633839759967,1.2165629748063385,0.04896189709179306,3.044375214088073,-0.3903121856934276
0.08492909638998958,-0.06476806014222629,1.2165172806190419,0.04965403218747782,3.0486699322656023,-0.37849229010693036
0.08491889385007483,-0.06460319761581867,1.2173872664220642,0.049143066426889,3.0457764069554867,-0.3815532331878006
0.084879549421497,-0.06452778251415309,1.216613000711986,0.04849222223385578,3.0418949079880937,-0.3852375731860709
0.08503860308784678,-0.06463187975695699,1.2172986013511233,0.049120979023516496,3.049973550242351,-0.3803980111698385
0.08499320453974603,-0.06469288192112575,1.216714929492673,0.04991211817037996,3.053525941163043,-0.3849494175484669
0.08483215741721205,-0.06453846259046508,1.2177160011335384,0.04875595190231261,3.0397527257413066,-0.38001216668333293
0.08500685461555631,-0.06450626900427313,1.2165084731267397,0.048980491142942936,3.0482862485709896,-0.38910045509192936
0.08504942626320607,-0.06469987051892255,1.2165631895436382,0.04940732102121646,3.0520097995991717,-0.3804014333962019
0.08496949606079941,-0.0645638997836562,1.216588869102895,0.04875989037398908,3.0453128514198777,-0.385592682812207
0.08493793888892165,-0.06469851331989102,1.216772090760255,0.04977231511120618,3.0486415197211416,-0.38056452522624123
0.08490208129477307,-0.06439724191743922,1.2172842697195279,0.04907807133757686,3.044328296120574,-0.3925891090234258
0.08483550215759984,-0.06445682666683293,1.2169566902902915,0.04893562698909166,3.0429677282123015,-0.3918578580470725
0.08498125990082857,-0.06465953923461934,1.21742309000902,0.04863419856160874,3.0456457635059957,-0.37633134448837274
0.08478581893654388,-0.06449860962383795,1.2167707352771138,0.04858173173567871,3.039563722873545,-0.38633294268992163
0.08490396723838418,-0.06463154699520494,1.2174567741629392,0.04974896842895524,3.048033584349568,-0.3819548964758736
0.08495275216943093,-0.06457545097735393,1.2166914321072382,0.049312347521797646,3.0486252849953446,-0.38794148879910445
0.08490058188697464,-0.06454023141054335,1.2172406185835307,0.04963315174380358,3.046295056036296,-0.3865150601730464
0.08485482003026429,-0.06457486421779221,1.2168322877429858,0.04948092316306864,3.043908621972444,-0.38488506131489814
0.08500791185364347,-0.06456218139683643,1.2173926159096602,0.04929350814292441,3.051930760551153,-0.38627620932409795
0.08491918787033935,-0.06461994617381543,1.2166692468165736,0.048686916377794,3.047366111871315,-0.38568043449132433
0.0847690209232121,-0.06468205348854253,1.2167999267082072,0.050465450950568334,3.04492058463014,-0.3796963035844729
0.0847690209232121,-0.06468205348854253,1.2167999267082072,0.050465450950568334,3.04492058463014,-0.3796963035844729
0.08500381448170774,-0.06465136767565031,1.2171571261870369,0.048192951243757436,3.047973353346814,-0.3775866930921136
0.08494783330100561,-0.06447491675547024,1.2169071586413895,0.04903493118191068,3.044134803924193,-0.3854683304071286
0.08499604938988845,-0.06453379491200259,1.2168422787103932,0.048989340780268675,3.048498147332815,-0.3877608790529687
0.08491182664779275,-0.06464832834551358,1.2167951794136564,0.04966824197879703,3.049141993262281,-0.38493723309002104
0.08479252898106904,-0.06452618837162766,1.2168236625533777,0.0496315371693365,3.043263650729713,-0.38834225945651724
0.0849534215749053,-0.06444523098085282,1.2171255466204387,0.04916188693496022,3.047810740847131,-0.3926161709068818
0.08495357631605116,-0.06457145583475524,1.2173973860009402,0.0487764853466221,3.0468263125399546,-0.3847442077355556
0.08490368836202329,-0.06460700636279165,1.2163008412351364,0.049693377259976246,3.047262351444537,-0.38747947539907285
0.08504980260394314,-0.06467319865919399,1.216804315457387,0.0493813445095667,3.05056239793396,-0.3814204685345743
0.08496267729962437,-0.06457839298111727,1.216818555588992,0.04943674011356211,3.049358541364825,-0.3879986681103926
0.08492527451358566,-0.06452156032647244,1.2169473700665683,0.04888298905571284,3.0445443843496984,-0.38368154086467393
0.08484587981787023,-0.06464224717900935,1.2166949504695177,0.04903624113421347,3.0445380504414237,-0.38201896121062806
0.08496842377024381,-0.06471971069071354,1.2165330696372416,0.04965680133114472,3.0517360268342486,-0.3830102779097709
0.08490798226990107,-0.06465147986829611,1.2168017058072558,0.0500355899089236,3.049030059760841,-0.38479265894690545
0.08497544958846664,-0.06451261266210946,1.2160425159510424,0.047776006293267184,3.043430090748329,-0.388604247692492
0.08490881209149122,-0.06456717984195362,1.2167307893031543,0.0491032526833071,3.0463654351194287,-0.38927387853825524
0.084883411891046,-0.06457236899850746,1.2170369546463098,0.049030411537705924,3.046490602524099,-0.3883538934155324
0.08488776467781202,-0.06455315746331139,1.2170944572208309,0.048522536996465526,3.042698125902129,-0.38384562362715124
0.08488776467781202,-0.06455315746331139,1.2170944572208309,0.048522536996465526,3.042698125902129,-0.38384562362715124
0.08489624275232478,-0.0644676313776512,1.2172195251381974,0.04847922508364457,3.042906821027522,-0.38284139592871774
0.08494224393692766,-0.0646611723421437,1.2166722670565715,0.04968629081542446,3.0493577358264137,-0.3798273114497351
0.08501239044991558,-0.06460388736304179,1.2169564241906827,0.04919191165773815,3.050781282257012,-0.3840270722868563
0.08490203859618992,-0.06449143032172762,1.2172779669204141,0.04871195167671955,3.0426336725172756,-0.3855110352553264
0.0848768396938484,-0.06461397242340969,1.2167231210978113,0.048778930751632636,3.0442923077745108,-0.38246394372820086
0.08499529831700256,-0.06451494689863385,1.2171964776704187,0.04843340227161574,3.045248496972903,-0.3815804771054006
0.08500149395835987,-0.06459735115206014,1.2162490394916663,0.04968356053709998,3.0501459803674194,-0.38880634725313523
0.08493698224224543,-0.06461459354294447,1.217036293757798,0.049349630438272986,3.047961266569124,-0.3850116717312808
0.08493698224224543,-0.06461459354294447,1.217036293757798,0.049349630438272986,3.047961266569124,-0.3850116717312808
0.08486824980997247,-0.06467201180419603,1.2166242698804628,0.04931942253504115,3.0435057444149103,-0.37984839241220625
0.08491643618757307,-0.06445854004072607,1.2172293411904984,0.04816941161347354,3.0386428649800266,-0.38308793328679625
0.08496926527160363,-0.06478148724640814,1.216630048833451,0.049775647137215356,3.050986755677712,-0.3780410453309714
0.08492806393788076,-0.06459912244083227,1.2164579010223442,0.049637347445236416,3.049450647804473,-0.38702222199048303
0.0849934027775372,-0.06445750757417237,1.2167753193732544,0.04950950025398067,3.0496852500494147,-0.39296847052273504
0.0850769587053562,-0.06471598263263172,1.2168863414087798,0.048838938380637506,3.05180776025561,-0.37902236819660845
0.0850451306614944,-0.06454165080813755,1.2166851538736105,0.04875295477619354,3.0495289034552577,-0.3854178740113664
0.08499940179094514,-0.06465163376306729,1.2165140422381997,0.049070996947908986,3.0495173712338053,-0.37975511706749965
0.08499940179094514,-0.06465163376306729,1.2165140422381997,0.049070996947908986,3.0495173712338053,-0.37975511706749965
0.0849507592928714,-0.06456457739849253,1.2175198323092982,0.04839421946766142,3.043682563025398,-0.3802894847872726
0.08492794245611,-0.06456552736688798,1.217791505610359,0.048616838271667503,3.0453280167291266,-0.37755148280691875
0.08493727158776225,-0.06453684357369505,1.2164841712570775,0.049494557760286564,3.0457222179851584,-0.3898804326524045
0.08500754875206618,-0.06453380814849599,1.2166918800651365,0.04970722758787491,3.0513896425650113,-0.39227441728976614
0.0849552740009321,-0.06446922932736238,1.2168985535888885,0.04833627636125721,3.04481632221318,-0.38675616654782713
0.08488519005123425,-0.06452775098309661,1.2167674389616177,0.04945521434616928,3.0437116640402833,-0.38434785659537346
0.08496413762024152,-0.0645970650351219,1.216995338621082,0.049363597207733055,3.0502191704684636,-0.3844121725087952
0.0849654293703402,-0.06453302922759505,1.2170361613229475,0.04912203783646318,3.0474906478987975,-0.38428455788440025
0.08496058773863702,-0.0644661507147606,1.2173170536805982,0.048714882136009656,3.0461008369999973,-0.3879551174037073
0.08496058773863702,-0.0644661507147606,1.2173170536805982,0.048714882136009656,3.0461008369999973,-0.3879551174037073
0.08498116646054694,-0.06458974369713381,1.2166972585758469,0.04860252867286647,3.0463000333341577,-0.3843982396475154
0.0850131169059877,-0.06445011480162569,1.2170369302599942,0.04818679841575915,3.0461863201886756,-0.3870887702676382
0.08489205529718433,-0.0645962971240956,1.217325422509541,0.049373881220020045,3.047251554123739,-0.38300432109160776
0.08500368612753395,-0.06453052002106904,1.2169739126383796,0.04885599659283733,3.0480043044574376,-0.3843345535853353
0.08487882077032811,-0.06449203169024628,1.217366803682918,0.049126241859110124,3.043809980122919,-0.38610499293286205
0.08495386424182744,-0.06439483857618028,1.2174820379152431,0.048050347497334125,3.043493246921375,-0.39022028360061933
0.08490700212472638,-0.06457081738064627,1.2166938258379307,0.04955974256755669,3.0470084390756047,-0.38932701789490215
0.08496144966866058,-0.06455260566631577,1.2173037388498429,0.04927907915162556,3.049235673832454,-0.38680454651818724
0.08499351022373533,-0.06462687893525094,1.2168356185039082,0.04893382826479973,3.048655938032643,-0.38319563596928674
0.08493097005121882,-0.06465889373026781,1.217041168277501,0.04928377423663923,3.0469623555084997,-0.3824746006940023
0.08492591830448544,-0.064718417107213,1.2171834594827398,0.05024718623941665,3.0480380309847703,-0.37853800132674337
0.08490842272316039,-0.06468117026033586,1.217384349531977,0.04961354547286239,3.0467108987013605,-0.376673398009295
0.08493408173458793,-0.0645137654273925,1.2172771997834722,0.04924737697595548,3.0474946981849924,-0.3902194975896897
0.08484638066456779,-0.06440595969173667,1.216840817857368,0.04846215685152056,3.040959743087013,-0.3910722723946383
0.08499954254714677,-0.06480366392061425,1.216981084061927,0.05026276238594471,3.055406165812591,-0.37735860687759926
0.08488637537736046,-0.06467776837309383,1.2168763541880938,0.04955652579603776,3.0481905435193495,-0.3822374096069239
0.08489101567870969,-0.06462889130170368,1.2172946799591406,0.04955052527766355,3.0436530215190536,-0.3797269981455013
0.08492771786498106,-0.0644066367843021,1.2169412259103123,0.04754442469997986,3.0414857169546354,-0.38916804923298165
0.08489960260768611,-0.06464587312380615,1.2160885331411546,0.04915308725162025,3.045062101233998,-0.38296729775161964
0.08496550802808135,-0.06455957111690967,1.2166457403344515,0.04831372934771992,3.0439697828356453,-0.38453987930925093
0.08489654033317334,-0.06473598740045385,1.2167745959756393,0.04933833470223039,3.0468434694498776,-0.376874990007751
0.08488770319804406,-0.06464117891324593,1.2170213444648246,0.049668095977617045,3.0438337978371295,-0.3784178434794597
0.08500834633812142,-0.06470279684804008,1.2170318940787443,0.049697002888944415,3.0522348921225215,-0.37712165038643164
0.08500098440140744,-0.0644658161716178,1.2167544968478121,0.048363788700118135,3.0450606404049037,-0.3869688604158724
0.08485763479678499,-0.06455262996961177,1.2170561941428166,0.04918720216047702,3.041555834656943,-0.3842221431934648
0.08487335300014937,-0.06453266248554872,1.2172068843843336,0.04922348956111714,3.043255604444266,-0.38508947153235173
0.08491839663084637,-0.0647357974920791,1.2163790159389514,0.04966259044102922,3.048674811424899,-0.38006005236690377
0.08505003112193829,-0.06472606176618348,1.2166053360321991,0.049764465942884674,3.053678696196663,-0.38159382085711085
0.08488694423815418,-0.06463832174438308,1.2166936492076021,0.049362183473200996,3.0444193405581568,-0.38096263410152414
0.08484045282419751,-0.06461166959027924,1.2165532336874698,0.049383759928894946,3.0434442288861527,-0.38100993436770225
0.08488780508170136,-0.06466635424303536,1.2165764267817036,0.04946694649972691,3.045601807091677,-0.37850503571763894
0.08500766161880555,-0.06449863312894716,1.216567601124751,0.048208107371003645,3.047878191864113,-0.392230960498828
0.08487942335054904,-0.06450672338379945,1.2175445445980988,0.048471063953443035,3.040657060894618,-0.3820030043947114
0.08489333007912202,-0.06443228467599325,1.2170897075901614,0.04830153606767566,3.0423983440354023,-0.38715183313135226
0.08495678538650284,-0.06464845216595133,1.2165269371805896,0.04888939626165683,3.0487099760468293,-0.3830085885162967
0.08488475022869771,-0.06466245186543591,1.2166078686846997,0.04830637477592993,3.0427543528250376,-0.37735520737235095
0.08500854979021763,-0.06458479922856894,1.2167148573889475,0.04910268167984037,3.050468690896551,-0.385350479115096
0.08501410187853217,-0.06458860495309263,1.216633440340321,0.048869028069421366,3.0488137879243165,-0.38442498534087094
0.08495303253713947,-0.06449086120340539,1.2171756179595168,0.04902365561101772,3.0480476417864333,-0.3840302540686909
0.08494807622807173,-0.06457268459433355,1.2170076939576198,0.04908372662573165,3.0485454407830566,-0.3859934717981305
0.08488784503150217,-0.06447494513441415,1.2164640809351974,0.04849507943803559,3.0422742474172173,-0.387951015425987
0.08478154367688841,-0.06461696523927278,1.2170066981918612,0.048989908929827665,3.0424387850294363,-0.38049757547285723
0.08474571068804407,-0.06445070271967589,1.216663073223955,0.048110830944425774,3.035720766013966,-0.386759698829276
0.08490247424515676,-0.0644907186968515,1.2167018152547995,0.04808271854663421,3.039531470850912,-0.3849569868600281
0.08492345980426162,-0.06456515262327266,1.216766201034653,0.049216238395415404,3.0487801880936334,-0.3903029258107236
0.08484672987946923,-0.06447141726780768,1.216716751033416,0.049134169349040906,3.0406303056309683,-0.38659717519766273
0.08499089460174541,-0.06470409356607416,1.2165105622786319,0.050119004833809586,3.0534784596980247,-0.3819909081810105
0.08497822298331908,-0.06446719947987202,1.2167127916626932,0.04826173881090691,3.0444732066759412,-0.38707884506781126
0.08477965567043053,-0.06446669824600378,1.2169402180093698,0.048324300142126825,3.0385857667536813,-0.38465747426179286
0.08491464369715508,-0.06466459848665998,1.2169084076136323,0.048918201834436896,3.0449710129552248,-0.3784502057331479
0.08486268364452637,-0.06464890481353036,1.2171408503272612,0.048451169320525685,3.0446143735328945,-0.37765260721228816
0.08497594264748214,-0.0645510769461102,1.216619512264321,0.049472586348961074,3.0476848634367792,-0.3863580747510272
0.08499841287659078,-0.06468627369697094,1.2167026435337942,0.0491499083591102,3.052262941540283,-0.3801940095910455
0.08488458334244542,-0.06457624664187603,1.2163033066362154,0.04902667599556623,3.0440952076213112,-0.38427988921629724
0.08496460034016694,-0.06455651316490914,1.2168246514926144,0.04737767698904913,3.042512272526314,-0.3790122952103305
0.08484042190363639,-0.06469503366934022,1.2166400190611264,0.04914812917963795,3.0448525926350305,-0.37943986070755514
0.08491203937145309,-0.06453108343812701,1.217360245267128,0.04801410142549905,3.0423818233008335,-0.37919232839133904
0.08485106316321046,-0.06453396649924524,1.216905469974517,0.048467223852687674,3.042715093415467,-0.3845893277667884
0.08483541757089366,-0.06462091452783653,1.216514092367389,0.049644517175812294,3.044278397880185,-0.3799791946691434
0.08498659653545208,-0.06456075703853695,1.2164223342580487,0.048384522213875666,3.045487066328396,-0.3841997694071235
0.08484201618075728,-0.0645594100572654,1.2162331349640438,0.04876877088965962,3.043961341994045,-0.38613720496660925
0.0848927905423191,-0.06446923118562682,1.217050750623966,0.04802471552722534,3.041063064587769,-0.38546849214806944
0.08496422493365377,-0.0645660961628348,1.216715352029477,0.04843828711380641,3.04653460566647,-0.3854767392300988
0.08490865589893394,-0.06452183619486747,1.2176327163955016,0.048029365522348225,3.041935833472024,-0.3788406850281876
0.0848354968119717,-0.06453611119814119,1.216725804974795,0.049461188320614746,3.0424046612988866,-0.38517916657594264
0.08489741636347976,-0.06471288681630383,1.2165564854002964,0.04981586010405635,3.0478957677864615,-0.3800832516810987
0.08485712448840188,-0.06450787292476028,1.2164581351517256,0.04812462330257335,3.040890512642494,-0.3849858927566528
0.0848030207959327,-0.0645575492207001,1.216523348422418,0.04980093563253545,3.0448030897668352,-0.3900427117018255
0.0849199126952243,-0.06462649247896744,1.2168226513984621,