0.08787875651630953,-0.13764992018595792,1.2683140159531505,0.04231857695517773,2.9276254480608923,-0.8860784935898195
0.08797393500641837,-0.13762373391983296,1.2684329398105771,0.041892133082693975,2.928206570615195,-0.8861364609439162
0.08794643861516825,-0.1376188084768121,1.2681067851645176,0.042022270713677604,2.9279151872397,-0.8867885157245289
0.08791755953948113,-0.1375664598035626,1.2681386059970072,0.042056747272192274,2.927425207526112,-0.887238277279245
0.08791755953948113,-0.1375664598035626,1.2681386059970072,0.042056747272192274,2.927425207526112,-0.887238277279245
0.08799524092698767,-0.13759818287164174,1.2682569971541695,0.041846397712576755,2.9283585640360372,-0.8869573866377185
0.0878290362091366,-0.13761912988340758,1.2685819467400394,0.042063829485879764,2.9264151863760164,-0.8846312618474609
0.08799071043077461,-0.1376145208282092,1.2685207593060777,0.041711705428964393,2.9284925544601728,-0.8861234225051844
0.08792028800573098,-0.13764101093605813,1.2681804732225779,0.04223135289419721,2.9280712661850647,-0.8864536299955111
0.08788533866847138,-0.13763927550853977,1.2689936946102853,0.042333336842028044,2.92720616513628,-0.8862340272638732
0.08795061938509748,-0.13761239563046873,1.2684055002298809,0.04173217127260224,2.9277751252648594,-0.8863387224454903
0.08795061938509748,-0.13761239563046873,1.2684055002298809,0.04173217127260224,2.9277751252648594,-0.8863387224454903
0.08791661876861992,-0.1375642562749605,1.2686979772661284,0.04220040598391133,2.9267723156815486,-0.88673394836316
0.08791661876861992,-0.1375642562749605,1.2686979772661284,0.04220040598391133,2.9267723156815486,-0.88673394836316
0.08788470820982365,-0.1376297178078358,1.2686168337131072,0.04252022225518506,2.9270908423900397,-0.8860273614388234
0.08801748163670921,-0.1377004249809544,1.2684210055848975,0.04270881633686949,2.929868352053323,-0.8865397232546744
0.08791695845779281,-0.13755881125940034,1.2681246952697716,0.041959555386402475,2.9271965286671904,-0.8874081835528956
0.08797157675623252,-0.1376942539622417,1.2685892972093225,0.04243931307764298,2.929087708212171,-0.8861674134380166
0.08791408586302038,-0.13762169914242134,1.268263516308419,0.04205259941661803,2.9277395885023916,-0.8853277369064296
0.08792957794657218,-0.13764314870610606,1.268177281000856,0.042412629669958214,2.9285774544196586,-0.8868904493441391
0.08787862542801088,-0.13757831326829784,1.2683326188854673,0.04198962730627831,2.9267304473228895,-0.8866369887361836
0.08787862542801088,-0.13757831326829784,1.2683326188854673,0.04198962730627831,2.9267304473228895,-0.8866369887361836
0.08804044505743987,-0.13769569150689503,1.2682054013494686,0.04183101734556287,2.9293079077600197,-0.8860702534713383
0.08782900681256792,-0.1374995335839949,1.2686766502718236,0.042235720169474064,2.9263339159746073,-0.8879986017631899
0.08799593218439425,-0.13766964556108177,1.2682311339212191,0.04192543129946976,2.9287477039581935,-0.8859064882098115
0.0878930191353424,-0.1375649661785903,1.2683308934831827,0.042079100598544826,2.9269247652645447,-0.8871240080171174
0.0879352205334614,-0.13758523509945875,1.2685157299791538,0.04196913533652155,2.927125266374765,-0.8867821075498509
0.08794543005489397,-0.13766024635948923,1.268468586003813,0.04187922842546581,2.927748742312186,-0.8856426337802092
0.08786579392826953,-0.13759748459380627,1.2684882069133785,0.04212982250777008,2.926870196897827,-0.8859106749268726
0.08787868748173518,-0.1375872763939288,1.2685180517072825,0.04204188811462035,2.9272971053929786,-0.8866736798331594
0.08787868748173518,-0.1375872763939288,1.2685180517072825,0.04204188811462035,2.9272971053929786,-0.8866736798331594
0.08801428013421406,-0.13773928018987636,1.2679390433153095,0.04221701555382472,2.9299237617980287,-0.8848187380696577
0.08793196939421571,-0.1375952183569928,1.2682304718824895,0.04177226345072231,2.927576939346142,-0.8862974197820979
0.0879517956814003,-0.13759221121838094,1.2686273248666535,0.0420480789524171,2.9276663126250915,-0.8866239465075196
0.08778638052540949,-0.13756903625654376,1.2685057737660863,0.04257516039108339,2.9262319625444655,-0.8859454976243556
0.08787761782737774,-0.13764658459795612,1.2683482026906383,0.042298145230890434,2.9273668934606,-0.8847721121728782
0.08787761782737774,-0.13764658459795612,1.2683482026906383,0.042298145230890434,2.9273668934606,-0.8847721121728782
0.0879788081260373,-0.13766842758957493,1.2685815595568484,0.041522383346922306,2.9283624569058526,-0.8850917393309705
0.08785240712076922,-0.13760276053633294,1.2687789032934,0.0420761565412419,2.9262509136235373,-0.8843613386331924
0.08798703905654201,-0.1376631205662907,1.2683166592985406,0.04193462168407242,2.92830912846882,-0.8856211698480797
0.08798703905654201,-0.1376631205662907,1.2683166592985406,0.04193462168407242,2.92830912846882,-0.8856211698480797
0.08791022624340268,-0.1376090355254234,1.2688628537628845,0.04166069598932076,2.9274755423377017,-0.8858202646650809
0.08782432708805304,-0.13764913946385912,1.268681368599041,0.0420771618362254,2.9262815637037964,-0.8841625784420502
0.08791987351933578,-0.13759706877521333,1.2687924279370077,0.04176122366565993,2.927268890696628,-0.8858388513525949
0.08791987352787889,-0.1375970687490175,1.2687924277723455,0.041761223735796583,2.927268890902089,-0.885838852184994
0.08791987352787889,-0.1375970687490175,1.2687924277723455,0.041761223735796583,2.927268890902089,-0.885838852184994
0.08793241463134066,-0.13772724268466863,1.2683088845217185,0.04223300920655257,2.9282243728451265,-0.8834986917764981
0.0880357420777659,-0.13764355333316247,1.267885608380679,0.041984513212422886,2.929082549980592,-0.887162496851125
0.08796619288455859,-0.13778331177998276,1.2688304378977342,0.04253065483785238,2.928905002714922,-0.88315596467691
0.08788842105228889,-0.13774226804484324,1.2685132882049344,0.04219110056983276,2.927504550601385,-0.8828309090881671
0.08790622404890587,-0.13763040205804492,1.2680609887875682,0.04217711240880553,2.9276713157934267,-0.884976975806326
0.08790622404890587,-0.13763040205804492,1.2680609887875682,0.04217711240880553,2.9276713157934267,-0.884976975806326
0.08789231886162968,-0.13775887920641233,1.2683090804281036,0.04245273437490423,2.9282552892586793,-0.8835688322788983
0.08785662528961721,-0.13768919126711968,1.2683993719934732,0.0424652184350391,2.9276011542793263,-0.8846839135787546
0.08793126414738883,-0.13771816104609558,1.268321770104311,0.0422684319725868,2.9288404430073594,-0.8851340078883997
0.08793126414738883,-0.13771816104609558,1.268321770104311,0.0422684319725868,2.9288404430073594,-0.8851340078883997
0.08799334532400066,-0.1376463938046024,1.2685020535392604,0.04205423008153822,2.928774419277195,-0.8860822441745849
0.08782372946549051,-0.13755868834768256,1.269099106120548,0.0421555805195744,2.926866815721277,-0.8864708874696062
0.08798108760994353,-0.13767498476213036,1.2690049572494875,0.042001845233681376,2.928115824750809,-0.8855020752708657
0.08786924498259474,-0.13754024841140045,1.2685985294387743,0.04178049826775427,2.926301727696561,-0.8868182716279068
0.08787374379169281,-0.13765727229320032,1.2684127792881155,0.04218914233840738,2.9269215573234715,-0.8853967255887046
0.08787374379169281,-0.13765727229320032,1.2684127792881155,0.04218914233840738,2.9269215573234715,-0.8853967255887046
0.08786511610709717,-0.13758754333253034,1.2685098911288646,0.04232427627643652,2.9276591432428867,-0.8869151991885396
0.08806372806956955,-0.13774644157330926,1.2684526217623047,0.04187039014178673,2.929259191899074,-0.8848579029065909
0.08784177292827239,-0.13776518554250236,1.2685484120345758,0.04234622198502185,2.9277111068338417,-0.8826833961880971
0.08788985367246945,-0.13774698143111438,1.2688774395297935,0.042109762698219685,2.9275266938897295,-0.882995563946399
0.08788985367246945,-0.13774698143111438,1.2688774395297935,0.042109762698219685,2.9275266938897295,-0.882995563946399
0.08786036647872514,-0.13759041301844863,1.2684774452243675,0.042394042789246016,2.926376126157523,-0.8862934018245233
0.08789104559642107,-0.1375249807710483,1.2683627861384643,0.04188459821620052,2.926487972174509,-0.8871937808846193
0.0877992391553152,-0.13749723560071878,1.2683776359209935,0.04232528818594631,2.925820164298055,-0.8876813904455938
0.08785271165089703,-0.1375933805580251,1.2680608077352236,0.04186572510620939,2.926480561928226,-0.8850156254194657
0.08797749283268923,-0.13759493719927235,1.2681584024221393,0.041882755388615134,2.9285280574696095,-0.8868191963630364
0.08797749283268923,-0.13759493719927235,1.2681584024221393,0.041882755388615134,2.9285280574696095,-0.8868191963630364
0.08784332861264567,-0.13773191952573507,1.268847641269341,0.04225838640680652,2.9273162141917366,-0.8828522171312962
0.08790438682513065,-0.1377763745255524,1.2687612980636047,0.042433923981487986,2.92846384075575,-0.8827014260768412
0.087929750833604,-0.13767348477838715,1.26876225570176,0.0418407786121615,2.928096686755756,-0.8850827607386055
0.087929750833604,-0.13767348477838715,1.26876225570176,0.0418407786121615,2.928096686755756,-0.8850827607386055
0.08787748956800405,-0.13748444060645412,1.2683533283908566,0.04149854417736722,2.9257381811128735,-0.8869345387329426
0.08787935588816546,-0.1376564274448826,1.268045186638305,0.042057283741222466,2.9273463940630835,-0.8846662654630132
0.08791408138169475,-0.13766643093360972,1.2684199985800895,0.04216583215666595,2.9282438063453995,-0.8853595073828227
0.08791408138169475,-0.13766643093360972,1.2684199985800895,0.04216583215666595,2.9282438063453995,-0.8853595073828227
0.08785142225130696,-0.13757484506645343,1.2688574138803985,0.04199473597917529,2.927202969861445,-0.886907070749349
0.08793893501782704,-0.13760024649427463,1.26826431372674,0.04158698107360265,2.927502072933448,-0.886871980416234
0.08787241500565884,-0.13758212623167915,1.2681165316118068,0.04148775221607946,2.9267312647799972,-0.8863717015418747
0.0879027709698766,-0.13777371362752963,1.2682596571073963,0.042119538694116124,2.927887662190945,-0.8840199994028808
0.08786972988156566,-0.13761383127689755,1.268575669284346,0.042129892239945205,2.9269954710270807,-0.8864869168279604
0.08786972988156566,-0.13761383127689755,1.268575669284346,0.042129892239945205,2.9269954710270807,-0.8864869168279604
0.08783804917508843,-0.13755168175766574,1.2682285948341552,0.041766048137360484,2.9257791593132256,-0.8866052673119666
0.08786622093018133,-0.13748463452435772,1.268393599090259,0.041553620050821416,2.9258686957371496,-0.887837473740331
0.08795057715491522,-0.13763694001073162,1.268371273114962,0.042294962355367116,2.928856076471633,-0.8865851341009573
0.08779829037169727,-0.13750693543300196,1.268170368382468,0.042089074875947055,2.925431352391257,-0.8875795951641994
0.08779829037169727,-0.13750693543300196,1.268170368382468,0.042089074875947055,2.925431352391257,-0.8875795951641994
0.08791686840782584,-0.1376518160702437,1.268671275192403,0.04200487827320324,2.9285850627521643,-0.885258247300675
0.08796625798280468,-0.1376072742708125,1.2682230615376116,0.04223817682713079,2.9285288334066824,-0.8870575762824261
0.08789021553324773,-0.13762942309661508,1.2684578637717137,0.042160218338506555,2.927057853876859,-0.8861297796746656
0.08786378067577284,-0.13750460396920358,1.268334938123402,0.04187171075283424,2.9259985297405873,-0.8873818689979196
0.08788338791192231,-0.13760269145832457,1.2685226314813713,0.0420973729160912,2.9276231762446883,-0.886265848689185
0.08788338791192231,-0.13760269145832457,1.2685226314813713,0.0420973729160912,2.9276231762446883,-0.886265848689185
0.0879580180539877,-0.13769141915466004,1.2684536886916349,0.04208834899074857,2.928486351089129,-0.8854509050678785
0.08793498487513608,-0.13767119260678354,1.2683158851351837,0.04141434516927363,2.927442656178728,-0.8845006141385298
0.08793498487513608,-0.13767119260678354,1.2683158851351837,0.04141434516927363,2.927442656178728,-0.8845006141385298
0.08786078373279221,-0.1375574023411157,1.2687503229204042,0.04191318088028925,2.926675115802144,-0.8865996391898869
0.08785950881658032,-0.1377528054208873,1.2695280035808336,0.04248089939447947,2.9274496243211443,-0.8836043768424445
0.08793196939421571,-0.1375952183569928,1.2682304718824895,0.041772263450722366,2.927576939346142,-0.8862974197820973
0.0879213364669284,-0.1377476642010226,1.2686545323851517,0.04274303456257941,2.9283301100890373,-0.8850199617456765
0.0879213364669284,-0.1377476642010226,1.2686545323851517,0.04274303456257941,2.9283301100890373,-0.8850199617456765
0.08789707992595618,-0.13753185752795602,1.2688289893942561,0.041580255080247944,2.9267858497683297,-0.8869676103767324
0.08787757626614773,-0.13766627765297976,1.2687335418629302,0.04227692258161476,2.9277172156988613,-0.8851091505536033
0.08783783599960845,-0.13749585956359453,1.2683575375581122,0.04179153346856929,2.9255672397041272,-0.8861450177725895
0.08783783599960845,-0.13749585956359453,1.2683575375581122,0.04179153346856929,2.9255672397041272,-0.8861450177725895
0.08787348841871183,-0.13755194574957852,1.2687540785686604,0.041924718542447906,2.9267066817929583,-0.8863103347800162
0.08798883024899141,-0.13767712059166215,1.2684365978886187,0.042085270615259934,2.9293683277142324,-0.8859022812338421
0.08785458307154147,-0.13760098988858582,1.2683048712201046,0.04158494232467167,2.926236376237604,-0.884664657971931
0.0879622831245518,-0.13778302887424432,1.2690031265276895,0.04202433197496073,2.9285582004136517,-0.8835515207650669
0.0879622831245518,-0.13778302887424432,1.2690031265276895,0.04202433197496073,2.9285582004136517,-0.8835515207650669
0.08791085385017329,-0.13759628939285776,1.2683377681175878,0.04202910990099427,2.9277695380437647,-0.8865305480058868
0.0879072442775852,-0.13773527069645172,1.2684034081472013,0.04211644533447011,2.927931200406143,-0.8832993461492484
0.08794240774422869,-0.1376638965956678,1.2687739763596426,0.04213425439252939,2.9279768572710076,-0.8854142218271783
0.08786411318093942,-0.13770947458300642,1.2689087573996953,0.04227355106022299,2.928024009223407,-0.8849119730651791
0.08781109054498938,-0.137608654819567,1.2687904360853388,0.042366504070564345,2.925987998892565,-0.8849391937573539
0.08781109054498938,-0.137608654819567,1.2687904360853388,0.042366504070564345,2.925987998892565,-0.8849391937573539
0.08788060975345656,-0.13770580646661806,1.2687468953211127,0.04227139601234797,2.928023411029195,-0.8843347336426978
0.08784885750719416,-0.13757245446329533,1.2690784810814226,0.04200815832020373,2.9264589691562817,-0.8860401621025884
0.0878807628632604,-0.13757679795753058,1.2686471086567535,0.04209534051566095,2.9271530506968184,-0.8862274490263315
0.0878807628632604,-0.13757679795753058,1.2686471086567535,0.04209534051566095,2.9271530506968184,-0.8862274490263315
0.0878979026348536,-0.13758315990419082,1.2686267491423961,0.04228210902516296,2.927438132303779,-0.8864833003304935
0.08789006522378903,-0.13760919772168798,1.26905655227413,0.0417393415800394,2.9272241924152564,-0.8856320728254855
0.08792550224714699,-0.13763648208017043,1.2684688439178498,0.04240412865717717,2.927681900559128,-0.8850565891324281
0.08784726996875955,-0.13756740599877168,1.2686836641225536,0.04194775638789134,2.926401607366737,-0.8860952036068339
0.08795108499482031,-0.13776310568083835,1.26890332214058,0.04272705514552555,2.9295166552820158,-0.8835156002415777
0.08795108499482031,-0.13776310568083835,1.26890332214058,0.04272705514552555,2.9295166552820158,-0.8835156002415777
0.08788051958547334,-0.1375400790851071,1.2683661629088248,0.04203602308200639,2.926703828122562,-0.8873660708774173
0.08793710048174651,-0.13755731974038973,1.2681107866152548,0.04180993945065188,2.9275768373577384,-0.8858332002610971
0.08785750921927087,-0.13759622491242313,1.2686235569481037,0.0420899199154821,2.9272011107772493,-0.8862839464560414
0.08785750921927087,-0.13759622491242313,1.2686235569481037,0.0420899199154821,2.9272011107772493,-0.8862839464560414
0.0879133229678249,-0.13766534408044137,1.268219845082196,0.04235424968903907,2.9283914701022096,-0.8849155878037586
0.087917126523953,-0.13764502827287464,1.2685239437801665,0.04236304489072758,2.928422541925636,-0.8850477120426586
0.08792102030386836,-0.13759973392899744,1.2685504780433645,0.04198034320150692,2.927848534479405,-0.8861704655376912
0.08792102030386836,-0.13759973392899744,1.2685504780433645,0.04198034320150692,2.927848534479405,-0.8861704655376912
0.0878469024982179,-0.1375776661837853,1.2688111247784268,0.042091607741344635,2.9266983271750022,-0.8857612212206365
0.0878469024982179,-0.1375776661837853,1.2688111247784268,0.042091607741344635,2.9266983271750022,-0.8857612212206365
0.08790722658897936,-0.1377097229527512,1.2682928324237175,0.04211282613074549,2.92778747759256,-0.8849147579034695
0.08788653650245411,-0.13761408509691747,1.2686821099624064,0.041771993037492364,2.9270861043127194,-0.8856415387287523
0.08786375030155331,-0.13767423576760424,1.2689465746329283,0.04222857959852317,2.927841741747978,-0.8852941479595473
0.08786375030155331,-0.13767423576760424,1.2689465746329283,0.04222857959852317,2.927841741747978,-0.8852941479595473
0.08782796723334217,-0.1376276434407768,1.2685767718219427,0.042320484849358284,2.926885027350489,-0.8845994768672493
0.08783365712189273,-0.13770355798182146,1.2689153871683645,0.0423485442091653,2.9273910357329673,-0.8839897362646401
0.08783365712189273,-0.13770355798182146,1.2689153871683645,0.0423485442091653,2.9273910357329673,-0.8839897362646401
0.08797841512534144,-0.13770310459803062,1.2685106213246313,0.04177172591642269,2.9285456719687977,-0.883912264200572
0.0878963745292809,-0.13756419650102958,1.2683990919393748,0.04195933142505935,2.9272914598612796,-0.8861366745785678
0.08779298214834107,-0.1376272384691899,1.2687864651514227,0.042501472411877975,2.925714696706371,-0.884070637753627
0.08780906136686094,-0.13749028491390697,1.268973547431099,0.041639019905999976,2.9251609873575943,-0.8850205953560486
0.08777297195802354,-0.13749129418344352,1.2692744544307262,0.04161023268827095,2.9244952241100752,-0.884956883876991
0.08777297195802354,-0.13749129418344352,1.2692744544307262,0.04161023268827095,2.9244952241100752,-0.884956883876991
0.08792966332234539,-0.13775149461882868,1.2688107405909157,0.042258870327851264,2.9293057032824468,-0.8836911632838019
0.08782251196939364,-0.1375155927709644,1.2684356307101459,0.042003831456292946,2.9252831077582497,-0.8851252739252866
0.08787346765930173,-0.13762441526790486,1.2686713366539675,0.04200970461975052,2.927055755142881,-0.8854995103955989
0.08786485662696313,-0.13764611738923876,1.2692957481994196,0.041703079980978976,2.9272595794208756,-0.8850355675591867
0.08786485662696313,-0.13764611738923876,1.2692957481994196,0.041703079980978976,2.9272595794208756,-0.8850355675591867
0.08778739210640085,-0.13754324747762683,1.269305459693058,0.04167156709789082,2.9251859869596974,-0.8847168626054395
0.08788700183118732,-0.13762776599848914,1.2687465359796746,0.04256295030603693,2.9283386370725615,-0.8854821504697648
0.08787857365534729,-0.13769396972349449,1.2684983580627005,0.04268440774414184,2.9282210201215477,-0.8846104209132579
0.08778300024441586,-0.13747092360986798,1.2690036588271334,0.04216308567063127,2.9251693234619864,-0.8866983358964555
0.08784038370254611,-0.13753452157974377,1.268521046236288,0.04165867504295845,2.9258302958211844,-0.8850721298959506
0.08784038370254611,-0.13753452157974377,1.268521046236288,0.04165867504295845,2.9258302958211844,-0.8850721298959506
0.08787303381350076,-0.13752255161470564,1.2691301818016572,0.04113931167909191,2.926102564407204,-0.8856480804020629
0.08786348536033568,-0.13747071374405054,1.2683742047675735,0.04182196805765059,2.9258159096611593,-0.8877306666904429
0.08793427534433401,-0.13772294665369086,1.2684262224345428,0.041978748004230404,2.928596398737021,-0.8839017168859056
0.08793427534433401,-0.13772294665369086,1.2684262224345428,0.041978748004230404,2.928596398737021,-0.8839017168859056
0.08797282471583351,-0.13757900847652846,1.2679000631986952,0.04162521475690189,2.9279578051819692,-0.8854578144298004
0.08793502536584984,-0.13761690341397106,1.2686217417803776,0.041840944758240295,2.927899232380881,-0.8864634559560611
0.08783729895436392,-0.13756768244088383,1.2685381290336586,0.04200897103721882,2.9262171444544505,-0.8847676539334552
0.08788594819401307,-0.13757551991386527,1.268789927456351,0.041816989722620504,2.926958394497415,-0.88616522265154
0.08791457630108317,-0.13744018386926646,1.268352732830402,0.041827981215774176,2.926423420903491,-0.8882331213928957
0.08789018423902846,-0.13759105156654047,1.2691745177133675,0.04146059678677609,2.9271485751448876,-0.885598506715188
0.0878634420525439,-0.1375722743762229,1.2681792274703452,0.042522312423949916,2.9273992649987846,-0.8871667381619376
0.08786389924069313,-0.1376562230535059,1.2690009822687218,0.041805094063966056,2.927121185744525,-0.8848625528998911
0.08786389924069313,-0.1376562230535059,1.2690009822687218,0.041805094063966056,2.927121185744525,-0.8848625528998911
0.08793358649625477,-0.13757427556559523,1.2682942301685294,0.04161213777808895,2.9273631720395032,-0.8857368030550206
0.08784550821672713,-0.13769223296995742,1.268882454087765,0.04231980712444482,2.927316761622537,-0.8836209990257015
0.08784577738053137,-0.13747600620537956,1.268443490271241,0.04188007569592284,2.9257861955461064,-0.887685665511997
0.08799044027579507,-0.1376560027953697,1.2683706760607096,0.041969054605970474,2.928387895526679,-0.8857369668530712
0.08799044027579507,-0.1376560027953697,1.2683706760607096,0.041969054605970474,2.928387895526679,-0.8857369668530712
0.08782759228015129,-0.13756335905023634,1.2687770483507084,0.042333026478703684,2.9269460810013874,-0.8858980771351929
0.08790840069970078,-0.13766890227093798,1.268791228209734,0.042480471034668135,2.9281690387635284,-0.8845177835921686
0.08789324801375373,-0.13764910713041298,1.268758732187152,0.04178116393674647,2.9275462001439703,-0.8851491599595062
0.08789097672022686,-0.13758737295274726,1.268444557004031,0.04225384213788993,2.9275596362438154,-0.8856096271273918
0.08783259477285878,-0.1377105831757422,1.2691281979361657,0.0420421375615812,2.9266129793258977,-0.8836692505851296
0.08783259477285878,-0.1377105831757422,1.2691281979361657,0.0420421375615812,2.9266129793258977,-0.8836692505851296
0.0879006349844051,-0.1376965128213541,1.2684785383188237,0.04223407335778626,2.9281873074661475,-0.8850250737741538
0.08792446725393378,-0.1375369765744384,1.2682808226229099,0.04216302954223838,2.9276737812323104,-0.8879489961408141
0.08784257156744582,-0.13766148224267194,1.2688682019904465,0.042180651712179905,2.9269402665219637,-0.8838684300185904
0.08788225537923557,-0.13773132563097562,1.2684344795248195,0.0426319318034636,2.928375902395421,-0.8836124365129704
0.08787573864819133,-0.1376064046254965,1.2683815134610985,0.042103068377619984,2.926928937343825,-0.8848525974089214
0.0878998103215325,-0.13759520518411986,1.2680008268006282,0.041909172961615344,2.926968399707156,-0.8847204289518481
0.08785915835472029,-0.13761789755558457,1.2688091721394406,0.04199501041465064,2.9267046416747444,-0.8857836436780041
0.0878449387365092,-0.13760024821897318,1.2692100317915553,0.042092920533772525,2.9269163649764813,-0.8857632865696312
0.0878449387365092,-0.13760024821897318,1.2692100317915553,0.042092920533772525,2.9269163649764813,-0.8857632865696312
0.08780551103103454,-0.1375821641597724,1.2687723255930843,0.04231591329280661,2.926688179143292,-0.8853620470779804
0.08785762816346819,-0.13771452503781043,1.2689296905455851,0.042545477955899386,2.927950363491356,-0.8848096402131369
0.08782809717224753,-0.13749465551871304,1.268266384370922,0.04220836511012941,2.9259916031446003,-0.8860903461131909
0.08787161239322028,-0.13753564026953893,1.2686297200908692,0.04182694906666949,2.926131609434457,-0.8868541529395105
0.08787161239322028,-0.13753564026953893,1.2686297200908692,0.04182694906666949,2.926131609434457,-0.8868541529395105
0.08794635796720682,-0.13761065997392477,1.2686215897266568,0.04226714744180812,2.928230385564225,-0.8853495654902707
0.08794449026084007,-0.1375788616803351,1.2681390150031924,0.04182777282156067,2.927478109878704,-0.8868577460126423
0.0879133641065229,-0.13770560100135346,1.2686019244466267,0.041974089193534535,2.9279013819328394,-0.8848322312693053
0.0879133641065229,-0.13770560100135346,1.2686019244466267,0.041974089193534535,2.9279013819328394,-0.8848322312693053
0.087858965902114,-0.13763989163290313,1.2689066550594226,0.04232061121171085,2.9275899344842835,-0.884675903104631
0.0878827936423504,-0.1375624590291835,1.2685094046628094,0.04196356360247659,2.9270324944844206,-0.886326915375212
0.08785476129777905,-0.13758082982480355,1.268648414375046,0.042063490541365364,2.926699093545244,-0.8852394967888926
0.08789979144176088,-0.13764860698354464,1.2688338764070575,0.042093288014087585,2.9274917980959683,-0.8854885943405634
0.08791428895024696,-0.13765332227261207,1.2685793252803994,0.04194288277911757,2.9281247935757064,-0.8854632773518112
0.08791428895024696,-0.13765332227261207,1.2685793252803994,0.04194288277911757,2.9281247935757064,-0.8854632773518112
0.08799565839458177,-0.13768415226850578,1.2686603985998668,0.04238988126461481,2.9299396619071025,-0.8864645688217154
0.08787862542801088,-0.1375783132682978,1.2683326188854673,0.04198962730627827,2.9267304473228895,-0.8866369887361835
0.08794467087423292,-0.13762061846902984,1.2684037846149423,0.04189886804717849,2.927912342557653,-0.8852594258589432
0.08794467087423292,-0.13762061846902984,1.2684037846149423,0.04189886804717849,2.927912342557653,-0.8852594258589432
0.08789827952204789,-0.13754660046922476,1.268434676787938,0.04193005203641539,2.92700078508275,-0.8856794557909403
0.0879383465806227,-0.13772080978221782,1.268562493420318,0.041526280103108576,2.927682058439203,-0.8834201838875084
0.08785503691815737,-0.1375866543725455,1.2685529876860875,0.04224189603385268,2.9266628368505403,-0.8866702582595235
0.08787574272858988,-0.13761083802962296,1.2690774056999565,0.04173077459095265,2.9269642859710374,-0.8847945324770399
0.0879023914528237,-0.13759241437234923,1.2684925218397458,0.041891737441297205,2.9268080924850417,-0.8862016077062502
0.0879023914528237,-0.13759241437234923,1.2684925218397458,0.041891737441297205,2.9268080924850417,-0.8862016077062502
0.08784129080055286,-0.13751211875758163,1.2681575617325285,0.042065186538256555,2.9259018600172717,-0.8872110456707798
0.08787985823442736,-0.1376857588466956,1.2684023536487097,0.04241318777744364,2.927771296477304,-0.8840304096851002
0.0878637806757753,-0.1375046039691463,1.2683349381231692,0.041871710752735415,2.925998529740331,-0.8873818689987973
0.08788316710970386,-0.13774329678695374,1.2685486551518286,0.04290382679141561,2.9283773638219563,-0.8835457805638802
0.08788316710970386,-0.13774329678695374,1.2685486551518286,0.04290382679141561,2.9283773638219563,-0.8835457805638802
0.08783882144536852,-0.13761412682571583,1.2692085112568738,0.04178040789870203,2.9264727417701715,-0.8843942732460992
0.08794635434973581,-0.13766480213532895,1.2684106128302193,0.042042281649940345,2.9283302401637292,-0.8847424607959757
0.08786242392763652,-0.13759183566623326,1.2690191750187116,0.041737700847538285,2.926766189169293,-0.8857651008174127
0.08786242392763652,-0.13759183566623326,1.2690191750187116,0.041737700847538285,2.926766189169293,-0.8857651008174127
0.08794019376298717,-0.1377003228250616,1.2685047906461864,0.0422417500382943,2.928496896967962,-0.884181915235874
0.08794019376298717,-0.1377003228250616,1.2685047906461864,0.0422417500382943,2.928496896967962,-0.884181915235874
0.08779695387176446,-0.13739763925968385,1.26835311709108,0.040839303540395513,2.9247322944775456,-0.886019422009315
0.08799939173520208,-0.13763242684726554,1.2681818499404358,0.04158467898058466,2.9284418844434352,-0.8858328198816726
0.08785285290301931,-0.13763142220905533,1.2686199637577285,0.041679896889502265,2.927099488141126,-0.885061192505374
0.08785285290301931,-0.13763142220905533,1.2686199637577285,0.041679896889502265,2.927099488141126,-0.885061192505374
0.08789945362248143,-0.13760863920948796,1.2686159523098628,0.041835121308040554,2.9267749805232146,-0.8859347055698735
0.08781043143573641,-0.1375351994147054,1.2693281101945915,0.04232727789547351,2.926516243381536,-0.8858241236928871
0.08792630132153459,-0.13770246988302234,1.268482635599282,0.04187202242146345,2.9282457449155856,-0.8847064171398682
0.08782339309113156,-0.13754078242645365,1.268122698793936,0.041918312588522924,2.9258675274830632,-0.8865989848873996
0.08782339309113156,-0.13754078242645365,1.268122698793936,0.041918312588522924,2.9258675274830632,-0.8865989848873996
0.08793498555687064,-0.1377032811297674,1.2681810473006552,0.042059877841461486,2.9284142882549684,-0.8852721744139114
0.08792008706613512,-0.13753209055581017,1.2681521840372443,0.04150411995550647,2.927726186098501,-0.8866400371117532
0.08807255538815274,-0.13789375435859016,1.2688536416259606,0.04231252141245437,2.931086379764078,-0.8834016496954945
0.08783361709137018,-0.13753855100343254,1.268598012869752,0.042220702745863196,2.9268715265135623,-0.8867460519525979
0.08788115262117732,-0.1376032931729626,1.2685032965977618,0.04197879955912244,2.9271671953844014,-0.8851499256919448
0.08788115262117732,-0.1376032931729626,1.2685032965977618,0.04197879955912244,2.9271671953844014,-0.8851499256919448
0.08790603644368951,-0.1376761208539577,1.2687671047909865,0.0420902665930614,2.92729624302311,-0.8845941210743011
0.08786495586476627,-0.1375412994327491,1.268100712849804,0.04183098603294113,2.926562340130619,-0.8867643316035222
0.08785435083934356,-0.13748271657401992,1.2686802075237955,0.042058252199884454,2.926420939220272,-0.8874439120824447
0.08785435083934356,-0.13748271657401992,1.2686802075237955,0.042058252199884454,2.926420939220272,-0.8874439120824447
0.08790494914993405,-0.13752877583385792,1.2684510851687396,0.04204249806261466,2.927587731125197,-0.8872964550009212
0.08785135774367024,-0.13760458308127294,1.2697561014348953,0.042631479073843535,2.927307862072663,-0.885872087760046
0.08798872821713126,-0.13768941292686263,1.2687385388667527,0.04187289579034612,2.9287484689340664,-0.8848746378548132
0.08784785018778306,-0.13756498251334193,1.2686506743856372,0.04194667323268158,2.9271912390834194,-0.8861376818541011
0.08793315555432211,-0.13768073940513917,1.268204390458664,0.041847729751368974,2.9277783407852342,-0.8837091422088182
0.08793315555432211,-0.13768073940513917,1.268204390458664,0.041847729751368974,2.9277783407852342,-0.8837091422088182
0.08791527096425925,-0.13761769367592838,1.2691416399529007,0.04167038234446245,2.9272043752337553,-0.8841917286089984
0.0878521063695028,-0.13758837651451333,1.2690300608370788,0.04163810718900481,2.9262844292368486,-0.8852944834180392
0.08795269165781922,-0.1375667815551056,1.268472932514235,0.041768206658043,2.927742339374302,-0.8860333208909559
0.08795269165781922,-0.1375667815551056,1.268472932514235,0.041768206658043,2.927742339374302,-0.8860333208909559
0.08784852102747837,-0.1375990645529872,1.2689425333170183,0.041726520737892264,2.926411688292958,-0.885194218276623
0.0878796361744333,-0.1375510000419893,1.2687020328682688,0.04205834583222352,2.9270785593896513,-0.886495046217192
0.08792132371476948,-0.13760903906592625,1.2692662311144958,0.041904306372853,2.9274094019960937,-0.885384483558788
0.08782556391727285,-0.13756217462295556,1.268412009515932,0.041943417312844324,2.926557201865999,-0.8858963761496474
0.08782556391727285,-0.13756217462295556,1.268412009515932,0.041943417312844324,2.926557201865999,-0.8858963761496474
0.08788252266066947,-0.13747670885214536,1.2683638764435037,0.04160046652823062,2.926056221466838,-0.8866698865125742
0.08788387377793361,-0.13752941730952564,1.26853658058754,0.04206381279077046,2.927057396933943,-0.8879427961300245
0.08791062823160628,-0.13778275544680194,1.2693195401342972,0.04243898521748758,2.9283651422188983,-0.8835053778185177
0.08792269896672228,-0.1376367964635306,1.2689933604917507,0.04198647882921733,2.9276803864167062,-0.8852246400229601
0.08789601398541846,-0.13762517899674545,1.2691688935261674,0.04147383614463686,2.9274787796507775,-0.8852620961136127
0.08789601398541846,-0.13762517899674545,1.2691688935261674,0.04147383614463686,2.9274787796507775,-0.8852620961136127
0.08793080180445265,-0.137584602524023,1.2680792297958365,0.04206623737211123,2.928095960492417,-0.886854310231532
0.08788421186440092,-0.13755918268063405,1.2689041029302783,0.04156328437130096,2.926292765183374,-0.8857552566990522
0.08781885772083495,-0.13750615348340156,1.2690164513049613,0.04135120087021031,2.925583083269139,-0.8848615908947385
0.08781885772083495,-0.13750615348340156,1.2690164513049613,0.04135120087021031,2.925583083269139,-0.8848615908947385
0.08804233593117224,-0.1375973877296645,1.2682682096059341,0.04170999368095557,2.9287785256630374,-0.8859703713237149
0.08786533256485135,-0.13743661086168796,1.2682350900340662,0.04161363468550187,2.9267349072323436,-0.8876456084155594
0.08803805169100574,-0.13769212433134184,1.2691081826632502,0.041937072709688876,2.9290189724483557,-0.8848492542975819
0.0879715453397301,-0.1374729491516709,1.2679684950013588,0.04133283601795962,2.9270546900515164,-0.8871306089765216
0.08782800926186478,-0.1374735218534467,1.268152951069334,0.0419253912663107,2.9259141421751185,-0.8867471243693331
0.08782800926186478,-0.1374735218534467,1.268152951069334,0.0419253912663107,2.9259141421751185,-0.8867471243693331
0.08789580278728884,-0.13759402958873,1.2684915566545172,0.04183558995321468,2.927147260747127,-0.8858627573767452
0.08793507867974833,-0.13761593644204123,1.2695314619108171,0.04188168165428597,2.9280611990355028,-0.8848750363217753
0.08788339627804057,-0.13756519071677226,1.2685639160403481,0.042054433627352214,2.9274422062370373,-0.8866963400109547
0.08788339627804057,-0.13756519071677226,1.2685639160403481,0.042054433627352214,2.9274422062370373,-0.8866963400109547
0.08787057981490418,-0.13749722565932124,1.2690990362996246,0.04131363320938881,2.9258575537582256,-0.8857584345184635
0.08800920146542132,-0.13759342897125648,1.2683958105974058,0.041515465435754996,2.928306974678172,-0.886356884098293
0.08789820035110209,-0.13763665830411828,1.2684595151402962,0.04205451650879311,2.927638466506215,-0.8857949216675715
0.08792415599074249,-0.13766923816134485,1.2687331346417887,0.04200080440529371,2.9276245054891126,-0.8857489669088328
0.08789336990930162,-0.13737347406769565,1.2683185954753624,0.04137000187785614,2.92586823847766,-0.8881437259095942
0.08789336990930162,-0.13737347406769565,1.2683185954753624,0.04137000187785614,2.92586823847766,-0.8881437259095942
0.08796155335508006,-0.13753115317404654,1.2682554056796889,0.04177406839559954,2.9271748885973157,-0.8873276155054772
0.08789046627079983,-0.13762641832448608,1.2689693730047407,0.041861651647280874,2.927192749691345,-0.8849596934473235
0.08794754428450072,-0.13768431293229577,1.268417667301868,0.04212102356945165,2.928327993227656,-0.8842320749543049
0.08786863357616265,-0.1374940497017284,1.267927052700685,0.041543470710790856,2.926162411871261,-0.8861392762807092
0.08786863357616265,-0.1374940497017284,1.267927052700685,0.041543470710790856,2.926162411871261,-0.8861392762807092
0.08790712836023432,-0.137570278810268,1.2688468683042964,0.04167565840230629,2.9273033106094113,-0.8861581689670929
0.08791301805769944,-0.13768176826932224,1.2686356481027692,0.04191383785281379,2.9277510865312375,-0.8849218684946047
0.0879013890051872,-0.1375581443567884,1.2689929936628193,0.04151968489878127,2.9271785190179562,-0.8861283399707004
0.0879013890051872,-0.1375581443567884,1.2689929936628193,0.04151968489878127,2.9271785190179562,-0.8861283399707004
0.08797910766254043,-0.13746730150198674,1.2680849245205819,0.041231065181680085,2.9267047405545226,-0.8870541385810276
0.08797643570182266,-0.1378208704540962,1.2692351006243088,0.042528075236953095,2.9297081410540975,-0.8835485232599328
0.08782240586551568,-0.1374646534927425,1.2682689972974157,0.041824857971686495,2.925225240043344,-0.88566319874061
0.0878887358879117,-0.1376318837437735,1.2688852222714209,0.04185073568826842,2.927739609721514,-0.8851744526307722
0.08789603897375074,-0.13745727475468636,1.2685981382169245,0.04126881991719594,2.9253410718915602,-0.8864905419897485
0.08789603897375074,-0.13745727475468636,1.2685981382169245,0.04126881991719594,2.9253410718915602,-0.8864905419897485
0.08790944900847049,-0.1376856650026062,1.2686944402105569,0.042037314554341225,2.9281232848638576,-0.884972230510475
0.08797543380134888,-0.1376625377851475,1.2682948398726421,0.04163494232403361,2.9282831434721466,-0.8851243734558983
0.08787668956807555,-0.1374628092102739,1.268363008988967,0.041512446645755534,2.9264017586683,-0.8863022088009503
0.08780744874071097,-0.1374612970724735,1.2689049016457858,0.04166765364360308,2.9248011565136833,-0.8863610166188284
0.08780744874071097,-0.1374612970724735,1.2689049016457858,0.04166765364360308,2.9248011565136833,-0.8863610166188284
0.08803217896519383,-0.13769640630944882,1.2689118728097146,0.04198747457216947,2.929861332006741,-0.8844161556424347
0.08791929040430285,-0.13766151425815062,1.2689921357011185,0.04208562458953706,2.927492893214241,-0.8834713238527929
0.08798331187260111,-0.13747562202100333,1.2677420437838285,0.04131032729295444,2.9272907414964675,-0.8869823560231941
0.08787025940068963,-0.13752704695180623,1.2686475833321247,0.041956088772845554,2.9270931336351738,-0.8868466449558337
0.08784654447180892,-0.13739612929699788,1.268332783195878,0.04155729366078629,2.9258513306357345,-0.8883072231421499
0.08784654447180892,-0.13739612929699788,1.268332783195878,0.04155729366078629,2.9258513306357345,-0.8883072231421499
0.0879676931332849,-0.13757863589308833,1.2686799309409746,0.041620435893774635,2.9276856178523616,-0.885423072976205
0.08784446868069036,-0.13759673505543435,1.2693662665354963,0.041533315215472356,2.9263363348840303,-0.8844929830245458
0.08787060528134091,-0.13765411907975367,1.2681601457822878,0.042114886809945073,2.926696277679359,-0.8840506970189133
0.08787060528134091,-0.13765411907975367,1.2681601457822878,0.042114886809945073,2.926696277679359,-0.8840506970189133
0.0878531279054642,-0.1374819578487769,1.2683202214846985,0.04199482923938474,2.9264851729228325,-0.8872590844855879
0.08791795981754465,-0.13763185270034434,1.2687739657718058,0.04186914580566039,2.927776990334679,-0.8855576794293487
0.08794456274638603,-0.13762859086083076,1.2684144898729883,0.04182957279276449,2.927878746808797,-0.8852465882923052
0.08794456274638603,-0.13762859086083076,1.2684144898729883,0.04182957279276449,2.927878746808797,-0.8852465882923052
0.08790146013536322,-0.13759767090218655,1.2684924503941069,0.04184299051321158,2.926908365641882,-0.8852682438141696
0.08790146013536322,-0.13759767090218655,1.2684924503941069,0.04184299051321158,2.926908365641882,-0.8852682438141696
0.08790724645930623,-0.13763692822229068,1.2683775368732502,0.042027451661192664,2.927433899024958,-0.8857375549376717
0.08777461005253383,-0.13754754152057425,1.2687837569446918,0.04240430228959448,2.9259084963281143,-0.8848776548055232
0.08788715737300476,-0.13759637735631308,1.2688265709056714,0.041788503829896705,2.927071044412324,-0.8854594087421953
0.08788715737300476,-0.13759637735631308,1.2688265709056714,0.041788503829896705,2.927071044412324,-0.8854594087421953
0.08786739001299357,-0.13757518830657992,1.2678796853868937,0.042122392092982304,2.926711314839583,-0.8849971615063792
0.08787317766366588,-0.13756279378655484,1.2687478642093954,0.0419060086913344,2.9267228807470014,-0.8860313611139903
0.08785682938374038,-0.13750497915633103,1.2687679406588934,0.04196767222518062,2.9260611948162585,-0.8868009818890538
0.08788028743673233,-0.13745639791979491,1.2688881729711576,0.04126095395911871,2.9257442928635014,-0.8864631439498539
0.0879680681204011,-0.1376654593428951,1.268855014366521,0.04155976853011194,2.928302947689651,-0.8849335622006552
0.0878325216364781,-0.13753099658308873,1.2684721151808256,0.04212814565062936,2.9260232085446733,-0.8868286481696837
0.08785326443389897,-0.1376764991443484,1.2688776164228486,0.04211792630736076,2.9272949235190078,-0.8851060285195411
0.08784513161553838,-0.13760342002695505,1.268867703478611,0.04241668663963993,2.9271444568851694,-0.8850102432017668
0.08790492206605993,-0.1376919149839836,1.2683792886279277,0.042170877231178364,2.9280362563932876,-0.885055519003126
0.08790492206605993,-0.1376919149839836,1.2683792886279277,0.042170877231178364,2.9280362563932876,-0.885055519003126
0.08782445683665902,-0.13752835762261817,1.2692631503386262,0.04164613718141515,2.9259682609294684,-0.885753239013272
0.08785923657713947,-0.13771152272450382,1.2691728212286761,0.04202210252318215,2.9266463328802965,-0.8838899234866505
0.08797576164638674,-0.13767197325345024,1.2682785816321163,0.04167206509787901,2.9283348418046153,-0.8852726572336858
0.08797576164638674,-0.13767197325345024,1.2682785816321163,0.04167206509787901,2.9283348418046153,-0.8852726572336858
0.08790479481377071,-0.13772548481290162,1.2684381124835133,0.04263937820667238,2.92897180099473,-0.8851630188282523
0.08782055501680039,-0.13763786667585545,1.2688914941575415,0.04259983138321756,2.9274737147052248,-0.8857098866226433
0.08789469778990477,-0.13774297077709705,1.268775343723666,0.04205230392344321,2.9283646263893948,-0.8839746644582428
0.08785369165330206,-0.13767481922372876,1.2689379511275372,0.04210833008113353,2.9273148099320383,-0.8848910666098712
0.08779201713539773,-0.13747022350319413,1.2689481018302775,0.04179581902728719,2.9252846906243857,-0.8866294802374947
0.08779201713539773,-0.13747022350319413,1.2689481018302775,0.04179581902728719,2.9252846906243857,-0.8866294802374947
0.08797548973063532,-0.13763820290535855,1.2683174221988742,0.04162236895813491,2.928153128217981,-0.8856189705565909
0.08785090960057183,-0.13760044894067341,1.2689481549360915,0.041870308286989864,2.926659458571059,-0.88557132024695
0.08784673135742341,-0.13754397188187562,1.2687169056342018,0.041882679598197074,2.9262412305595857,-0.8861763037882155
0.08784673135742341,-0.13754397188187562,1.2687169056342018,0.041882679598197074,2.9262412305595857,-0.8861763037882155
0.0878672962303004,-0.13759430497910446,1.2687814353271636,0.041865707720957275,2.9267171513247994,-0.8853965213238802
0.08786231067921896,-0.13754269807916547,1.2684492782019767,0.04181647388449823,2.9263001518151905,-0.8854642754676796
0.08788725820000554,-0.13764435465651706,1.2687682638954052,0.041870326254805926,2.927305682083921,-0.8851567999138543
0.08792552661484979,-0.13764258077366626,1.26849540497587,0.04192167147323735,2.9278446330562167,-0.8855624409702513
0.08792552661484979,-0.13764258077366626,1.26849540497587,0.04192167147323735,2.9278446330562167,-0.8855624409702513
0.08783729049960086,-0.1376365820289666,1.268698807373948,0.04231666387195634,2.926695553493971,-0.88509907826343
0.08783729049960086,-0.1376365820289666,1.268698807373948,0.04231666387195634,2.926695553493971,-0.88509907826343
0.08791933702984255,-0.1375367516410685,1.2683452381247409,0.04119635502471014,2.927292455468371,-0.8864795982137864
0.08789880997764626,-0.13765555459426945,1.2684863534862383,0.042087533943523735,2.927769112234787,-0.8854966938951572
0.08789128575367414,-0.1376414993317217,1.2690755071528894,0.04175578284891614,2.9274022623068867,-0.8850416864987506
0.08789128575367414,-0.1376414993317217,1.2690755071528894,0.04175578284891614,2.9274022623068867,-0.8850416864987506
0.08780033401623842,-0.13752357629797693,1.269245990982877,0.04216547258782217,2.9263918075385433,-0.8869014247254685
0.08793522872049019,-0.13778895097839955,1.2689719802570445,0.04277918634211037,2.9291450813195072,-0.8827719817995648
0.0878305171964065,-0.1375517555359473,1.2693115788564315,0.041559071309664214,2.9257869544178945,-0.885079738208762
0.0878305171964065,-0.1375517555359473,1.2693115788564315,0.041559071309664214,2.9257869544178945,-0.885079738208762
0.08778613143378365,-0.13743670834814373,1.2682564410123893,0.04197793009190023,2.925366734907459,-0.8870213939147412
0.08790571417933012,-0.1376448229119869,1.26895232960387,0.04195617229056455,2.9273619312656685,-0.8851238719002877
0.08786375604138016,-0.13756100430111562,1.2685174697664132,0.04194080172893017,2.92645713340361,-0.8859242852544637
0.08785316951381332,-0.13757263468589176,1.2684927896679352,0.0420345328253506,2.9268644264543293,-0.88676534539833
0.08780207894329974,-0.1375722157227618,1.2683642488707756,0.04256384355078067,2.9264831645557168,-0.8869822862691707
0.08780207894329974,-0.1375722157227618,1.2683642488707756,0.04256384355078067,2.9264831645557168,-0.8869822862691707
0.08782688771185818,-0.13745649489662398,1.2686428305429123,0.041904025351685054,2.9253396325617502,-0.8876136248603385
0.08781881847585414,-0.13759244122224304,1.2693174745837503,0.04149667600293709,2.9258745747982475,-0.88453439685945
0.08787346765930173,-0.13762441526790486,1.2686713366539675,0.04200970461975051,2.927055755142881,-0.8854995103955983
0.087831611506709,-0.13763790750765223,1.269535242403132,0.04150662615582714,2.9260029808216332,-0.883198041944877
0.087831611506709,-0.13763790750765223,1.269535242403132,0.04150662615582714,2.9260029808216332,-0.883198041944877
0.08789532236139518,-0.1375942876076063,1.268805233721391,0.04183685998925531,2.92748329061577,-0.8858042473174467
0.08784441372225278,-0.1373900626328979,1.2688036249426229,0.041241609321499284,2.924855994475074,-0.8869002619598433
0.0878232646146918,-0.13752283569053478,1.2689994988299036,0.042013445665436536,2.925832591437744,-0.8858907076859563
0.08797477386554972,-0.1375736227504265,1.2683664522835394,0.04158468184925226,2.9278936984579382,-0.8863904826238225
0.08789307909504421,-0.13772020380374825,1.2691626616518845,0.04189544610894465,2.9277601761238032,-0.8839142300379196
0.08789307909504421,-0.13772020380374825,1.2691626616518845,0.04189544610894465,2.9277601761238032,-0.8839142300379196
0.08785516054380331,-0.1375588088932595,1.2692722854296627,0.04174204874302849,2.9265056365904636,-0.8860135227587927
0.08778065810871043,-0.13758364959820915,1.269583096685701,0.04142057631470278,2.9251028260172145,-0.882703839008492
0.08785162368889482,-0.13763499108506985,1.268969907117253,0.0419118166294274,2.926873093955054,-0.8849620681528295
0.08785162368889482,-0.13763499108506985,1.268969907117253,0.0419118166294274,2.926873093955054,-0.8849620681528295
0.08779357675251236,-0.1375928579578125,1.2689350318983292,0.04197132613734052,2.925550971574093,-0.8835180293337103
0.08784799694829504,-0.1375637633972308,1.268569466547051,0.0418421385579347,2.9266885607329436,-0.885800277759659
0.08783740820912637,-0.13760410785077046,1.2687402300531525,0.04178994161793364,2.9262190902665304,-0.8854229123836266
0.08783740820912637,-0.13760410785077046,1.2687402300531525,0.04178994161793364,2.9262190902665304,-0.8854229123836266
0.0878461064564321,-0.1375575928251454,1.2684224714369023,0.04192098647522274,2.926386933600671,-0.8861312208566102
0.08782284984018117,-0.13756293264287223,1.2689301324586217,0.04136450642994174,2.9256692508755804,-0.8848873672859463
0.08795055755874835,-0.1376868676684095,1.2685779531001746,0.04236442925121813,2.928638260469747,-0.8857433366095523
0.08791810388998147,-0.13770528517973885,1.2696291110183264,0.04215919387458029,2.9284981591959323,-0.8846683677757545
0.08786153652924038,-0.1376510753874686,1.269282169942105,0.04277922540000552,2.9278205661592773,-0.8855897909061115
0.08786153652924038,-0.1376510753874686,1.269282169942105,0.04277922540000552,2.9278205661592773,-0.8855897909061115
0.0878479038312022,-0.1373919757819982,1.2686091453883024,0.04153174538496645,2.9255754759985093,-0.8874284905360327
0.08779932877175725,-0.1375196989383644,1.2681264563469532,0.04210138865549801,2.9266588080941043,-0.8863509336422596
0.087814402903267,-0.13765285082014905,1.2685964312244589,0.0422685044862425,2.926462192898668,-0.8837161502255804
0.08787094265818504,-0.1376583594558056,1.2686206089021848,0.04175195591771042,2.9276584344704077,-0.8844418953500689
0.0877980734759828,-0.13761938329022338,1.2690788949308982,0.04245381027654735,2.9274082748700336,-0.8857836372104255
0.08792793988112854,-0.13746295711319978,1.2682923426249972,0.04127321179780889,2.926466852431391,-0.8860985547048926
0.08787499600297467,-0.13768433717421918,1.2690493448870903,0.04192100102336462,2.927635732946167,-0.8838196537312407
0.08789246747645554,-0.13752577266983607,1.268208507030523,0.041601674035937015,2.9263475170924607,-0.8867367483197133
0.08788781179376082,-0.1376072086298104,1.2685757510417623,0.0416598898913352,2.926859474098262,-0.8849755211308723
0.08788781179376082,-0.1376072086298104,1.2685757510417623,0.0416598898913352,2.926859474098262,-0.8849755211308723
0.08779894559239516,-0.13743292128875698,1.2691227062197215,0.041340506892601124,2.9245192864776626,-0.8864044069645933
0.08783904981840407,-0.13750330073406905,1.2694107380704294,0.0415070505335621,2.925259693388228,-0.8850905544157939
0.08779992837067814,-0.13736217734056358,1.2684675290501575,0.04120503113358454,2.9249202253579814,-0.8873629060270739
0.08787726631167406,-0.13765347598565264,1.2683996736312404,0.04192197739054846,2.926793418419075,-0.8839766108082626
0.08784902924948552,-0.13762082932478747,1.2687777385663557,0.04179850817082917,2.9264750802308077,-0.8848754491039088
0.08788467879844099,-0.13743997046977224,1.2681749198588206,0.041707181681869654,2.926281493476733,-0.888165526841876
0.08788467879844099,-0.13743997046977224,1.2681749198588206,0.041707181681869654,2.926281493476733,-0.888165526841876
0.08789114801810072,-0.13765364223237406,1.2690691185477312,0.041730370988862744,2.927417943240873,-0.8847285484463291
0.08789114801810072,-0.13765364223237406,1.2690691185477312,0.041730370988862744,2.927417943240873,-0.8847285484463291
0.08783825287626125,-0.13744100935373385,1.268934583034731,0.04161324120286249,2.9258155229506815,-0.8867425755037103
0.0878251338956276,-0.13750875738101756,1.2694821466981303,0.04114137993455753,2.9257807122489865,-0.8853743480802079
0.08786054268535319,-0.13761668882709965,1.2688773297504468,0.041418876198086735,2.926572455157267,-0.8838032775233985
0.08788067123831644,-0.13763493617983616,1.2688672323737387,0.04168358248079216,2.9282648067798474,-0.8853706142008358
0.08783276143043951,-0.1375286087601129,1.269276216203118,0.041741080583516825,2.92659162350437,-0.8859601052237458
0.08783862619577976,-0.13758439515699297,1.2690806194005526,0.042058791949152026,2.926482212275809,-0.8856477966290103
0.08783862619577976,-0.13758439515699297,1.2690806194005526,0.042058791949152026,2.926482212275809,-0.8856477966290103
0.08790920284695582,-0.13774864085208618,1.2693930350356313,0.04232683166675675,2.927862123948508,-0.8840168340350452
0.08791707183572257,-0.1375528533090416,1.268153475897605,0.041924441621804524,2.927169967715264,-0.8871915071418397
0.08783025982864932,-0.13743811253390106,1.2684613545642691,0.041403032993982486,2.9265602443253065,-0.8871621018891303
0.08783158238232396,-0.13746680977972725,1.2683533000766372,0.04203420406085714,2.925827718623941,-0.8873772524500046
0.08783290913206568,-0.13742737679306155,1.2684433051936435,0.04085245076845058,2.9258642226407203,-0.8862600024449578
0.08783290913206568,-0.13742737679306155,1.2684433051936435,0.04085245076845058,2.9258642226407203,-0.8862600024449578
0.08783792249818893,-0.13745501641590077,1.2689286984393982,0.041598137589466344,2.9258494548790037,-0.8864095147302186
0.08788625606334213,-0.13748626697177818,1.268902883663682,0.04151573031951841,2.9261851787608393,-0.8870329943615126
0.0878822129328974,-0.13768980845206774,1.2691083207348088,0.041898463046606084,2.9275190498948445,-0.8841176551749469
0.0878822129328974,-0.13768980845206774,1.2691083207348088,0.041898463046606084,2.9275190498948445,-0.8841176551749469
0.08785808638534635,-0.1375017708005819,1.2688249929770936,0.041701311561011346,2.9261732238831963,-0.886714975800772
0.08782597242222932,-0.13756643481355046,1.2695107939942318,0.04125887166798937,2.9259660868505826,-0.8844821874130546
0.08782799581751298,-0.13749274224620395,1.2687399042402003,0.04131381355369566,2.925334698233425,-0.8860978128237
0.08794401611975902,-0.13765356128391162,1.2684809433609538,0.04155641855161328,2.9276957866257978,-0.8857091545782942
0.08778703216006514,-0.13751851569740164,1.2687135992211378,0.04191440037957758,2.9251853014292113,-0.8861703744712779
0.08778703216006514,-0.13751851569740164,1.2687135992211378,0.04191440037957758,2.9251853014292113,-0.8861703744712779
0.08785564214601245,-0.13755479260867468,1.2690979978153853,0.04155245955881162,2.926847455482178,-0.8854235003157512
0.08777712318966362,-0.13746346290215417,1.26914870708037,0.04186706924364164,2.9253168716386706,-0.8866864933963008
0.0878241371251614,-0.13741796974445436,1.2679628983741944,0.04139382467634975,2.926029162103314,-0.8876162213304704
0.08785893056579314,-0.1376422915973409,1.268861469960311,0.0421133820054136,2.9275731497815487,-0.8854974221110079
0.08785893056579314,-0.1376422915973409,1.268861469960311,0.0421133820054136,2.9275731497815487,-0.8854974221110079
0.08790403770798146,-0.13760059600401486,1.2686165105190446,0.041167417363813436,2.9271898132427063,-0.8851943605911108
0.08783750226029961,-0.13736278411647485,1.2687635985839272,0.04039530661211831,2.9240613660251986,-0.8865707275919061
0.0878097666167994,-0.13759435258427027,1.269369241887199,0.04175238269373268,2.925551635459885,-0.884539395053584
0.0878097666167994,-0.13759435258427027,1.269369241887199,0.04175238269373268,2.925551635459885,-0.884539395053584
0.08797449737962049,-0.13769491406438172,1.2681411228827437,0.04196090847184285,2.928780056547316,-0.8842474713557159
0.08797449737962049,-0.13769491406438172,1.2681411228827437,0.04196090847184285,2.928780056547316,-0.8842474713557159
0.08787985778217904,-0.13751928370088484,1.2682166965955262,0.041078196101238425,2.926650359998783,-0.8860799926426577
0.08777315711687407,-0.13735489241020224,1.268729361261943,0.041618730733799354,2.9242484314491946,-0.8860494198836482
0.08788297351188695,-0.13749559560914348,1.2686198098173376,0.041696117567964944,2.927325780994694,-0.887049342604334
0.08788297351188695,-0.13749559560914348,1.2686198098173376,0.041696117567964944,2.927325780994694,-0.887049342604334
0.08783328471861784,-0.13756818364073892,1.2693379162971212,0.04134657017355688,2.9266398785994006,-0.8841178744907482
0.08783512494898284,-0.1374368264717254,1.2687443125559748,0.04115881849616586,2.9247184782007305,-0.885360748031039
0.08781150091118951,-0.1373785483938937,1.2685165514317736,0.041385725263543845,2.9256375676793493,-0.8872979206345252
0.08781150091118951,-0.1373785483938937,1.2685165514317736,0.041385725263543845,2.9256375676793493,-0.8872979206345252
0.08789666521499326,-0.13739112572725676,1.2687938734425077,0.040923574969125395,2.925378135950655,-0.8863442439845447
0.0878858239282041,-0.13742839051243103,1.267932114560307,0.040896798494441944,2.92680447934698,-0.8871892997928522
0.0878732248070399,-0.13735327481209697,1.2685196845356248,0.04068303992972223,2.925199372089637,-0.8865478540453753
0.08786893581125481,-0.13743460282328057,1.2689968798268139,0.04103103838872339,2.9254035019985953,-0.8861049092149411
0.08796132411983343,-0.1375605023888603,1.2681234893758393,0.04145310691973972,2.9276807471795188,-0.8860809949316064
0.08796132411983343,-0.1375605023888603,1.2681234893758393,0.04145310691973972,2.9276807471795188,-0.8860809949316064
0.08779277572705836,-0.13767081869603068,1.2684382332731585,0.042102991676428586,2.9281152258628964,-0.884979808326573
0.08785851775053989,-0.13770844104298363,1.2692283439102177,0.04205113464927818,2.9281679611521465,-0.884251637476495
0.08782921114114813,-0.13745024914034873,1.2691136082850802,0.04113597959819102,2.925178650143697,-0.8863404820205999
0.08789206407886367,-0.13759522677267472,1.2686291680622455,0.04139664519039781,2.926891227704798,-0.8850714224883764
0.08789206407886367,-0.13759522677267472,1.2686291680622455,0.04139664519039781,2.926891227704798,-0.8850714224883764
0.08782024056586904,-0.13758899632258448,1.268614744768505,0.04237533248576252,2.9263751495092567,-0.8853928124969186
0.0877969042787161,-0.1375185225356799,1.268854490415752,0.04200409762884192,2.9258054528105495,-0.8858889293999905
0.08775025026049751,-0.13752683818999575,1.2683613980256732,0.04206292475587502,2.92635203503972,-0.8857353934221559
0.08784979336122313,-0.13766723587576904,1.2694590793216505,0.04161965735077078,2.9267385797046486,-0.8838202679236427
0.08781065961848834,-0.1374346364104727,1.2683520452705381,0.04092592447928377,2.9257689894215098,-0.8863499965066867
0.08781065961848834,-0.1374346364104727,1.2683520452705381,0.04092592447928377,2.9257689894215098,-0.8863499965066867
0.0878868290143489,-0.1375853956935464,1.2685387047554186,0.042155455370210045,2.927090218028505,-0.8861435574154943
0.08780476059173523,-0.1375423619374746,1.2686994005525658,