0.09123094403698892,-0.14469684614560255,1.2289863305031319,0.04074802861613205,3.031841646174056,-0.4081782719778959
0.09124063731043217,-0.1446666884141816,1.2288208552495326,0.04016577453156105,3.034005304438283,-0.4119369648519174
0.09123088776323515,-0.14470048062955498,1.2286726321864376,0.04053462945679356,3.0345616459682385,-0.41010339921711236
0.09119766982522981,-0.14466698179950457,1.2286012912076982,0.040129055099301675,3.032648597502429,-0.4090234444751412
0.09119766982522981,-0.14466698179950457,1.2286012912076982,0.040129055099301675,3.032648597502429,-0.4090234444751412
0.09110725748078584,-0.14471039273690678,1.2292499841050888,0.040761377102048864,3.0310297792361527,-0.40664427612963633
0.09121564099746472,-0.14467009802502495,1.229139005102187,0.040535664250523594,3.0326100566589145,-0.40904463346594644
0.09115802945825341,-0.14462095466270805,1.228787790530604,0.04022149962162337,3.031522477705569,-0.41131895039079863
0.09118811684325621,-0.14471931550836464,1.2293777191981117,0.041221086492612656,3.0336552133214285,-0.4131655856451971
0.09121777643856653,-0.14473994294646272,1.229222021975001,0.04097441026699044,3.0327365936400232,-0.40777101476162203
0.09121777643856653,-0.14473994294646272,1.229222021975001,0.04097441026699044,3.0327365936400232,-0.40777101476162203
0.09121816806207884,-0.14481651492801342,1.229467500541739,0.04135149520112688,3.0350067402919874,-0.40788722259097654
0.0912578331888846,-0.14475068944725936,1.228972204107758,0.04101128645557506,3.035169021660856,-0.40710939136147645
0.09122296493706043,-0.1448324481416554,1.2291484486631643,0.04145623785096387,3.03462806367052,-0.4051046442857159
0.09122296493706043,-0.1448324481416554,1.2291484486631643,0.04145623785096387,3.03462806367052,-0.4051046442857159
0.09117763483539212,-0.14478970002469754,1.2295528416079329,0.0406761117171894,3.03147298045622,-0.40376964306262325
0.09118553077552181,-0.14468998593227397,1.22909051153631,0.041097757146206185,3.031823737691217,-0.40995474990637587
0.09120914530542273,-0.14472652459897073,1.2294315451718574,0.04071284562656282,3.031188899082697,-0.4071484618973524
0.091234840856964,-0.14465969385237976,1.2285451198867128,0.04091717371958743,3.032695074927047,-0.4116049797606878
0.09122898239505495,-0.14477670829705536,1.2289433654671376,0.04094170029215756,3.0357167940017407,-0.4079560393379363
0.0911861657630246,-0.14471630214453182,1.2290981862408,0.04111607799847083,3.0346259266083924,-0.41031678584000886
0.09115339783232343,-0.1447124175155129,1.22850639316618,0.04132882472828094,3.0335827620431837,-0.4112510870173263
0.09121641633674318,-0.14479148518515653,1.2293727123611833,0.04139344846850701,3.0333047644714926,-0.40612140567625377
0.09121641633674318,-0.14479148518515653,1.2293727123611833,0.04139344846850701,3.0333047644714926,-0.40612140567625377
0.09111541390076168,-0.14469065739867382,1.2289306612341326,0.04164935260255961,3.0334197180457974,-0.4141123966085635
0.09130314165154371,-0.14449637801541437,1.22803150497895,0.03955055473114904,3.0322842787449753,-0.414520650515828
0.09115312203105275,-0.14461781832887824,1.2289947760892332,0.04044699957378893,3.031864000268178,-0.4134360035250009
0.09120079569438358,-0.14465301115639553,1.2288098617202385,0.04112702578133237,3.0339119961656844,-0.41354215118459137
0.09124337102803409,-0.14454707899591898,1.228356549284138,0.04009214523720818,3.0331910587392072,-0.41663105407510714
0.0911439491435228,-0.14464187955328653,1.2283213731416356,0.041423866566784595,3.0339397289827787,-0.4152628912878985
0.09132514690612976,-0.14463324886507645,1.2285394215983365,0.039795180933364226,3.0352627102072183,-0.41356964973854143
0.0912031196713083,-0.1445396448058798,1.2287441836881332,0.04033844642447731,3.0307513941936177,-0.41767806453303746
0.09110554442260652,-0.144598952333367,1.228564235667102,0.0412452330849412,3.031485820052121,-0.4141814311237805
0.09110554442260652,-0.144598952333367,1.228564235667102,0.0412452330849412,3.031485820052121,-0.4141814311237805
0.0911864602150515,-0.14453676174309615,1.228710213287023,0.04027151215123684,3.0317425298481977,-0.4183511350711748
0.09113733712786631,-0.14465587816683123,1.2290715044523866,0.04086740368427841,3.03170537829591,-0.4122233028283611
0.09110978639870232,-0.14461861366464956,1.2285238123802864,0.04137891626025069,3.031343130538164,-0.4127525585592649
0.09116747171606296,-0.14470642953667057,1.2296352904485814,0.04090666642760562,3.030455223724913,-0.40860465274711655
0.09113768178749157,-0.14462420805912848,1.2290208158973577,0.04110618831985949,3.0297505286509137,-0.4134642809102031
0.09123048740610729,-0.14473100735719757,1.2288906367175705,0.0419116508653692,3.037499417611935,-0.4138196763179523
0.09123048740610729,-0.14473100735719757,1.2288906367175705,0.0419116508653692,3.037499417611935,-0.4138196763179523
0.09121271287539899,-0.14474639495282016,1.2284682334626598,0.041635217089157545,3.0370083151213882,-0.41284614069638625
0.09121271287539899,-0.14474639495282016,1.2284682334626598,0.041635217089157545,3.0370083151213882,-0.41284614069638625
0.09124146294969819,-0.1448188834941681,1.2294356578689567,0.041061224375248194,3.034849535174318,-0.4047382844628198
0.09128818224238767,-0.14463087198532817,1.2287388968391997,0.040635643811752685,3.0323707996049976,-0.41135988354551545
0.09124784510397538,-0.14467660671218593,1.2288417911500014,0.04059439856597325,3.033102113820442,-0.4112931601779127
0.09122995552186076,-0.14469207912170076,1.228587048795803,0.040961376641766564,3.033569425749579,-0.410256106163037
0.09129154462595765,-0.14472219359407437,1.2285263228927397,0.0405836480102551,3.0369867742676853,-0.4112730046836477
0.0911658116636892,-0.14466937609515504,1.2283976333225073,0.040870366415509056,3.033657638491003,-0.41227572398659795
0.09120024829901797,-0.14478015198719188,1.2297424084126083,0.04057290303461987,3.0320602259704303,-0.4050102101038134
0.09120024829901797,-0.14478015198719188,1.2297424084126083,0.04057290303461987,3.0320602259704303,-0.4050102101038134
0.09122655405979067,-0.14476081764679155,1.2287186824588752,0.041661927988461286,3.033323129551075,-0.4068909055842145
0.09122233325827524,-0.144690640794758,1.229432844427053,0.04069785068312153,3.0353590089893747,-0.4121665271903403
0.0912120866954551,-0.14470826231408526,1.2288084820667622,0.04088163955508187,3.0317897953916804,-0.40825600552409164
0.09123982164979447,-0.14471019435547178,1.2290390905899993,0.040418139447736964,3.0348624532509856,-0.41094191696209126
0.09124546622297051,-0.14459808616938474,1.228573517892774,0.04067484944778658,3.0350840916562274,-0.41677753717821586
0.09124546622297051,-0.14459808616938474,1.228573517892774,0.04067484944778658,3.0350840916562274,-0.41677753717821586
0.09127706638426014,-0.14466117508099563,1.2289692191883212,0.04006253738359411,3.0302593228128303,-0.4088298587857949
0.09128013429574713,-0.1447723908604819,1.2289512414071364,0.04059728346880858,3.0369069499101804,-0.4065444878390763
0.09128756697768312,-0.14472027358663817,1.2284438248561922,0.040692900028007996,3.0350624693381887,-0.41032484142544773
0.09128756697768312,-0.14472027358663817,1.2284438248561922,0.040692900028007996,3.0350624693381887,-0.41032484142544773
0.09116305463510041,-0.14481269632162216,1.2294913779104182,0.041326539454889,3.0324323502506347,-0.4052979435510889
0.09115779539838849,-0.14464343831766135,1.2286742710324565,0.041056824065129865,3.033413903422268,-0.41445333515645993
0.09132025111245254,-0.1447132219100283,1.2290424378087854,0.040926221379800974,3.0340447508043553,-0.40708855609602274
0.0911836872632519,-0.1447467637495749,1.2290885042827586,0.04143426598990771,3.0335135864467997,-0.4107525637871999
0.09120190253296467,-0.1447998621680473,1.229332139184491,0.04113444387393725,3.033299638214612,-0.40659127925648325
0.09120190253296467,-0.1447998621680473,1.229332139184491,0.04113444387393725,3.033299638214612,-0.40659127925648325
0.0912080657608997,-0.14473477977190907,1.2295175010978032,0.04064592666483244,3.0315505922062407,-0.40487152817009964
0.0912727186838047,-0.14477029885867132,1.2293256032977493,0.04122035122853354,3.0379191964846504,-0.4112443586166934
0.09116967318954305,-0.14475813266258544,1.229105000278983,0.040907470474422725,3.034210059215426,-0.40906739290163574
0.09127219744451746,-0.14464420047243084,1.2292238240164837,0.03979106376796689,3.0314527727295233,-0.40997064629064967
0.09127219744451746,-0.14464420047243084,1.2292238240164837,0.03979106376796689,3.0314527727295233,-0.40997064629064967
0.09127389069350031,-0.14464883952165394,1.2287807587008832,0.039820818686994205,3.034347334634399,-0.4112938754580905
0.0911787178413937,-0.14460504247009476,1.228376229722358,0.04093606426566566,3.030826333135584,-0.41245591776498514
0.09120877552191513,-0.14475102499709128,1.2289749854674188,0.04135598804135246,3.0353192938719307,-0.4094311362625992
0.09120877552191513,-0.14475102499709128,1.2289749854674188,0.04135598804135246,3.0353192938719307,-0.4094311362625992
0.09122102201776137,-0.14466713028537923,1.2292940446771323,0.039967823237059344,3.03262734255808,-0.4113153370099237
0.09122102201776137,-0.14466713028537923,1.2292940446771323,0.039967823237059344,3.03262734255808,-0.4113153370099237
0.09116365766291389,-0.144620402547676,1.2285390156035574,0.0407396028224669,3.0309254323173147,-0.41165655288842706
0.09125331701459868,-0.14460500980947322,1.228471754416922,0.04044123906167922,3.0318841428987904,-0.4118804547743989
0.0911616583196759,-0.14450524801684583,1.2280481911300065,0.040575212598898965,3.030926833864313,-0.4155882404538094
0.0911616583196759,-0.14450524801684583,1.2280481911300065,0.040575212598898965,3.030926833864313,-0.4155882404538094
0.09121410288973604,-0.14462066190266779,1.2285484072345016,0.04059058007577646,3.0320485590519444,-0.4133694100028455
0.09121777739912167,-0.14468039416388934,1.2282864778786837,0.04129291810117749,3.0365964310323026,-0.4147499471105734
0.09115246817950128,-0.14470034499513018,1.2287694164841647,0.04094750349259973,3.031014072334435,-0.41005165403529
0.09115246817950128,-0.14470034499513018,1.2287694164841647,0.04094750349259973,3.031014072334435,-0.41005165403529
0.09124088526831586,-0.14471577852848375,1.2284268163032637,0.041163188584529595,3.0347637229635516,-0.41143696925497564
0.09120638108247256,-0.14467699729940023,1.2284570016131264,0.04098684296067777,3.0339293730607615,-0.41182150911366755
0.09113881552090093,-0.14463927814679148,1.2281627734482283,0.041327918120090096,3.032865969490377,-0.41419853704855797
0.09123713116893045,-0.14466764603847548,1.2288066119129595,0.04071894124488499,3.0351126089219385,-0.4143660226592894
0.09123713116893045,-0.14466764603847548,1.2288066119129595,0.04071894124488499,3.0351126089219385,-0.4143660226592894
0.09114476553321482,-0.14454385861652616,1.2284384730086835,0.040439584315518744,3.0308932602525895,-0.4159024199450391
0.09120424157830981,-0.14463924862379246,1.2285992960864986,0.04071251853937618,3.0331302856745226,-0.41136885539410406
0.09126915030868443,-0.14475433313049535,1.2291597091623845,0.04087532184301282,3.0383507236682465,-0.4081269850312723
0.09127350177080923,-0.1447275894756762,1.2292266159216947,0.040683291762259655,3.032607114909707,-0.4063881689058364
0.09127350177080923,-0.1447275894756762,1.2292266159216947,0.040683291762259655,3.032607114909707,-0.4063881689058364
0.09118722249655369,-0.1447461887592799,1.229490669990942,0.0404306976072782,3.0332781075712925,-0.4090993899476569
0.09125296475838676,-0.14473630972915333,1.2288076732987776,0.04145258538320219,3.0328903204732525,-0.40802233467058635
0.09116191878328202,-0.14463228473628104,1.2293820001688773,0.04004954348711117,3.0305640123253292,-0.41250690520866284
0.09131717630435776,-0.14456981513127073,1.2281791658129684,0.04029475943835588,3.034200665466191,-0.4157453082317551
0.09109918555579902,-0.14466133549295004,1.2289049839665838,0.0412147603031273,3.0311413769998032,-0.4109551068820415
0.0911906077999107,-0.1447082706268707,1.2289264562289848,0.04118795961222965,3.0329486620082746,-0.4113184736075529
0.09130147808190135,-0.1446338018661753,1.2292222125941215,0.03953097809136444,3.031537066894566,-0.41066554008511197
0.0911287828738374,-0.1446925201179935,1.2293729001187241,0.04113248080559244,3.0301011047069744,-0.40920869856377967
0.0911287828738374,-0.1446925201179935,1.2293729001187241,0.04113248080559244,3.0301011047069744,-0.40920869856377967
0.0912714435613678,-0.14472159427487716,1.228657977099252,0.040765686485044327,3.0359424880614645,-0.4112684006877854
0.09120127743188874,-0.14481870623943788,1.229189041403139,0.04149525980330126,3.035040705504759,-0.4077036107117798
0.0911731970140548,-0.1447482292194278,1.229124533463902,0.04133652629524807,3.0313507279488947,-0.4079561597091769
0.0911731970140548,-0.1447482292194278,1.229124533463902,0.04133652629524807,3.0313507279488947,-0.4079561597091769
0.09130199774817305,-0.14456169396576649,1.2281160908453073,0.03994640323711301,3.0360002909719346,-0.4184744324008393
0.09117562934870431,-0.14464452140661704,1.2287834079106847,0.04148629139489706,3.0337996469455755,-0.4172126435539998
0.09119321356837837,-0.14472375200168797,1.2293492121306455,0.04094746640005282,3.0324201266565924,-0.4080777180153278
0.09113200563956901,-0.14465434665795682,1.2288781563462456,0.04082061064708615,3.030530446505255,-0.4095324780657927
0.0912365515546663,-0.14467500130307062,1.2287260800556685,0.04052816060276044,3.031660551756778,-0.40827254879887703
0.0912365515546663,-0.14467500130307062,1.2287260800556685,0.04052816060276044,3.031660551756778,-0.40827254879887703
0.0912033620882085,-0.14462189489139538,1.2286508453329004,0.04075566327873296,3.0316342003688135,-0.412050497342255
0.09126286345960603,-0.14469294760851115,1.2287459515760422,0.04045171629842806,3.0325719881179074,-0.40838743969071617
0.09119026316084342,-0.1445337544884913,1.2282061869118426,0.04030966852850284,3.0318432817919883,-0.41547680971422113
0.0912374942240675,-0.1446791405030102,1.2287567193440176,0.040797936679856185,3.0343818055186116,-0.4134402877323608
0.0912374942240675,-0.1446791405030102,1.2287567193440176,0.040797936679856185,3.0343818055186116,-0.4134402877323608
0.09127539246910234,-0.14467935163022022,1.2287369402042256,0.0406721148705996,3.035070271313771,-0.4124810813832188
0.09127298113733377,-0.14466825178649823,1.2283360071059455,0.04077617966723122,3.0350723973273093,-0.41343411897086424
0.09124826010234756,-0.14467489823872512,1.2291900810959302,0.03979767636747053,3.030594657936997,-0.4058863928705401
0.09120302884779924,-0.1447157712329668,1.2288840286002054,0.04130427931953022,3.0339205142374115,-0.4085550927937321
0.09120302884779924,-0.1447157712329668,1.2288840286002054,0.04130427931953022,3.0339205142374115,-0.4085550927937321
0.09117485299842293,-0.14468468011381802,1.2285088684201462,0.041084023383138796,3.034276166363912,-0.41322949828956723
0.0912444180847454,-0.14461829454991434,1.2284056120190279,0.040487030364989844,3.0317085411149494,-0.4111268724862804
0.09116924504834555,-0.1447144505641479,1.2291118822647882,0.04102426135349706,3.0307865381566015,-0.4089199265819033
0.09116924504834555,-0.1447144505641479,1.2291118822647882,0.04102426135349706,3.0307865381566015,-0.4089199265819033
0.0911734711681068,-0.14469230032952546,1.228831516846222,0.04112044032340982,3.0313847309896342,-0.4106804617765926
0.09117511870730999,-0.1447149866874908,1.2288329275881429,0.04130918421720965,3.032074492687087,-0.4099300255432244
0.09127518225840124,-0.14457937874517185,1.2284358891561558,0.04008856153319585,3.0331788668012494,-0.41397923363968175
0.0911746862447783,-0.1447778783751364,1.2289122677132862,0.041136577366706485,3.0339924655528474,-0.4071608042157565
0.0912205099063393,-0.14467252145171317,1.2287649241114338,0.04060580598744877,3.0316169420961074,-0.4093589053741392
0.0912205099063393,-0.14467252145171317,1.2287649241114338,0.04060580598744877,3.0316169420961074,-0.4093589053741392
0.09123681606443154,-0.14463476027628822,1.2280774427100363,0.040691544870282696,3.0337117814934507,-0.4115733119863375
0.09130174971997602,-0.14468375035983627,1.2288080641622139,0.04037726331502158,3.0346078009358504,-0.4118598960996417
0.09131977642506627,-0.14469308558977487,1.2287690178297253,0.04046229581647733,3.033411822544926,-0.40759726678839364
0.09125911398767383,-0.14465560858619017,1.2286402992825096,0.04052434468677871,3.033534964603097,-0.4128191676592069
0.09125911398767383,-0.14465560858619017,1.2286402992825096,0.04052434468677871,3.033534964603097,-0.4128191676592069
0.09120739348317522,-0.1445971756239377,1.2288727404454984,0.040486045231699706,3.0302587724145917,-0.41085207547384756
0.09126648956568797,-0.1447242962204592,1.2291648978840217,0.04089336503919637,3.0357363439500666,-0.4108282211546432
0.09119214843728017,-0.1446693425491879,1.2287243772949092,0.04095460566128553,3.031762063185698,-0.4090919726109429
0.09119214843728017,-0.1446693425491879,1.2287243772949092,0.04095460566128553,3.031762063185698,-0.4090919726109429
0.09124852940304988,-0.14463436010792366,1.2287243864543482,0.040481579848367186,3.0337043067410057,-0.41400954534244944
0.09116250501245639,-0.14462715269062987,1.228256752717041,0.04102445968832746,3.0319401487019744,-0.41220997198683773
0.09121808464904152,-0.1445832545938479,1.228391575580857,0.04045641032842779,3.0320082211633324,-0.4143680816617445
0.09125425161301919,-0.1446430146702497,1.2289131480067859,0.04018603609149265,3.0322752576866963,-0.41143967042618107
0.09124069262245073,-0.14472878516165572,1.2290745733102548,0.04086044032573501,3.033396637130476,-0.4097155324730092
0.09124069262245073,-0.14472878516165572,1.2290745733102548,0.04086044032573501,3.033396637130476,-0.4097155324730092
0.09125844140010779,-0.14463373010608682,1.2282443213651926,0.04075940278090772,3.0356987525190506,-0.41441232028532377
0.09118039111062073,-0.1447104997681312,1.2289541048406778,0.041403433672450654,3.033827245288129,-0.4115368803618533
0.09128755115116736,-0.14462386704114932,1.2287962067812548,0.040198052693639214,3.03190032205013,-0.4093223106410024
0.09128755115116736,-0.14462386704114932,1.2287962067812548,0.040198052693639214,3.03190032205013,-0.4093223106410024
0.09124441902737034,-0.14473977655061107,1.228815812779095,0.04113599842786083,3.0333329962471147,-0.40650722995890387
0.09119037332347586,-0.1446715698046547,1.2286201070640148,0.04050601484619076,3.0305981484910185,-0.40819933905828926
0.09121857647357985,-0.14469873951592174,1.2286130442362884,0.04141243373570783,3.0345306625065467,-0.41328344420082513
0.09121368187440407,-0.14454788458734605,1.2279882793761656,0.04082515609011287,3.032280017539894,-0.41741834876893014
0.09119237624128246,-0.14477347126072077,1.2288145921954539,0.0415844854744773,3.035026460688173,-0.40810918155560183
0.09119237624128246,-0.14477347126072077,1.2288145921954539,0.0415844854744773,3.035026460688173,-0.40810918155560183
0.09117658266458653,-0.14461253741776456,1.228567958548834,0.041437011582148575,3.0339737062089704,-0.4154301992275582
0.09120997397010991,-0.1447068266207619,1.2285418837353648,0.041096859418465984,3.034967889650121,-0.4128896816728979
0.09121148290056363,-0.14464854046648973,1.228788226561533,0.04041878217767575,3.0317408867197386,-0.411926291477962
0.09122437782017749,-0.14463198201705443,1.228347933434657,0.041100300384466784,3.0324403693552155,-0.412565185001639
0.09122437782017749,-0.14463198201705443,1.228347933434657,0.041100300384466784,3.0324403693552155,-0.412565185001639
0.0911361378492586,-0.14452440458735114,1.2281828451678094,0.040979807729577204,3.030560942535451,-0.41776507246771477
0.09121723494623607,-0.14466539245626855,1.228612398137136,0.0411084825696057,3.0331085806724722,-0.41200833446619806
0.09127711619183654,-0.14481852351733404,1.229293963597281,0.04084917244891554,3.0343880242927184,-0.4067330982661093
0.09124215230317453,-0.14472328537219423,1.2290813111519425,0.04111369637609292,3.0341213190470624,-0.4076860417555347
0.09124215230317453,-0.14472328537219423,1.2290813111519425,0.04111369637609292,3.0341213190470624,-0.4076860417555347
0.09126730294394937,-0.144612270465591,1.228956113695334,0.03999808270949,3.0313186972904154,-0.413143194029133
0.09116243233776661,-0.14475158593881113,1.2293937624864284,0.04121474247301786,3.0325191310055173,-0.40861915957593625
0.09128089177536808,-0.14462546686947325,1.2290106316696474,0.0398946599203811,3.0319030806599603,-0.41121667024014874
0.09131579197065048,-0.1446824913002219,1.2289309785939446,0.040770847346771104,3.0362369753639435,-0.41353151748659334
0.09127098110886793,-0.1447309358695378,1.228680367902496,0.04112675994585251,3.0349660417329822,-0.40855156631686956
0.09130194124354059,-0.1447627028180359,1.2291147991461497,0.04054705467783164,3.035487794688501,-0.409244054139633
0.09130194124354059,-0.1447627028180359,1.2291147991461497,0.04054705467783164,3.035487794688501,-0.409244054139633
0.09123750149320548,-0.14469961402399142,1.228731392665851,0.04061503598219547,3.032175040964173,-0.4078701881809265
0.09130888881002111,-0.14468243951456672,1.2288765303385396,0.0401330263283064,3.033806137052723,-0.4106553221613638
0.09120399544700357,-0.14471998230602057,1.229108932392599,0.0406876580266013,3.032066329999351,-0.40643822283690534
0.09126914184689827,-0.1445864555016714,1.2284052479401795,0.03994869761037696,3.0318389104362797,-0.41234210367519203
0.09128268444988472,-0.14468231979457957,1.2282100810461891,0.04071515617262095,3.037051922913675,-0.41282997705644814
0.09130566136972981,-0.1446516735449265,1.2289341422758737,0.0398160694728375,3.032600962082402,-0.40795394943935764
0.09130566136972981,-0.1446516735449265,1.2289341422758737,0.0398160694728375,3.032600962082402,-0.40795394943935764
0.09126069901165146,-0.1447160046845863,1.2289781774941548,0.0407078060827084,3.0328678277985115,-0.4080554954873181
0.09119624143904365,-0.1446632677527727,1.2285876649547096,0.04116003772940213,3.033375994154305,-0.41123475203174414
0.09119026316544146,-0.14458264003039273,1.2280059339102005,0.04137146415629041,3.0337161228382543,-0.4145181869969224
0.09119026316544146,-0.14458264003039273,1.2280059339102005,0.04137146415629041,3.0337161228382543,-0.4145181869969224
0.09129355865957074,-0.14456858959003716,1.2288631771257528,0.040200957019000005,3.0326593320042554,-0.41561778632054425
0.09125555086760209,-0.14452457345609906,1.2286029460334964,0.03984253625391106,3.0313204718455364,-0.41479874348814266
0.09125990806615855,-0.1447459296596372,1.2286648517959502,0.040873948661424644,3.0352744423679265,-0.4085930198071506
0.09129962342765907,-0.14469022572673815,1.2286054722232402,0.040867309827021754,3.0355337573584364,-0.4120377717863337
0.09127650470320241,-0.14462304551940802,1.2285383306153494,0.04026813785487935,3.034259968592927,-0.4130517021392973
0.09127650470320241,-0.14462304551940802,1.2285383306153494,0.04026813785487935,3.034259968592927,-0.4130517021392973
0.09125342887540677,-0.14473024030253628,1.2287267225452165,0.04083428879040566,3.0345029440842066,-0.40829634199987125
0.09109798725758592,-0.1446851678774525,1.2286859197917923,0.04175250971208324,3.0324663942979275,-0.4128460691222903
0.09122813973893924,-0.14466151292725155,1.2287167914723696,0.04064420094823638,3.0325797033904927,-0.40954802428945236
0.09122813973893924,-0.14466151292725155,1.2287167914723696,0.04064420094823638,3.0325797033904927,-0.40954802428945236
0.09129705517143326,-0.1448045073560693,1.2295350144354722,0.04103121977390539,3.0362070872204936,-0.4080105821401783
0.09127246146546274,-0.14463929930627306,1.228310652226264,0.041002194441848806,3.0360976914796582,-0.41501868224977667
0.09125773532464992,-0.14465732228550446,1.2286724887102305,0.04013006664384783,3.033525363777604,-0.410806823882624
0.09118898070515537,-0.14463603211299314,1.2282466441196036,0.040693317234653574,3.0329120144507216,-0.41162453102896684
0.09118898070515537,-0.14463603211299314,1.2282466441196036,0.040693317234653574,3.0329120144507216,-0.41162453102896684
0.09116928847069204,-0.14467798974804524,1.2288157351799622,0.040980313133927616,3.0324557986626197,-0.40985819302058857
0.0912341944083271,-0.14458687402978726,1.2286178212869399,0.03995534554323144,3.032824308268499,-0.412310983536083
0.09125811828947539,-0.14462809240757662,1.229308225642821,0.03994836127784183,3.031657910466143,-0.41137857406827977
0.09123709399731265,-0.14472740028175216,1.2287365056744926,0.0402244711814021,3.033415967401254,-0.4057723883058246
0.09115552570281656,-0.14456574690515023,1.2285547713359772,0.04076840256565296,3.0321251488344125,-0.41722729737684455
0.09115552570281656,-0.14456574690515023,1.2285547713359772,0.04076840256565296,3.0321251488344125,-0.41722729737684455
0.09121575999351604,-0.1447255667069873,1.2291666303145947,0.04126973790389215,3.0342593687189248,-0.4116982352634315
0.09117063741152016,-0.14460035903506588,1.2281817677387628,0.04120330893310583,3.0344504561927916,-0.4155178862840027
0.09121505614028991,-0.14448433677792538,1.2282519084372832,0.03967152378184605,3.0301934453373023,-0.41491743311860013
0.09121505614028991,-0.14448433677792538,1.2282519084372832,0.03967152378184605,3.0301934453373023,-0.41491743311860013
0.09123850134150682,-0.14451672650219566,1.2275663331602464,0.04035523840791505,3.033036200936441,-0.41484215483572257
0.09121172437896212,-0.14472002119842195,1.229348644322565,0.0412915590359183,3.0319851549183894,-0.4107321725215542
0.09119972173894118,-0.14465358579837545,1.228939575324154,0.040305433678213494,3.0325533269605005,-0.41128257751207775
0.09123566045412908,-0.14465157830315262,1.2289641518656504,0.04073187195547536,3.0337532100194085,-0.41158222159670077
0.0912510504771012,-0.14460020155484354,1.228191658918945,0.04029919067469129,3.033158482915745,-0.41323404956890275
0.0912510504771012,-0.14460020155484354,1.228191658918945,0.04029919067469129,3.033158482915745,-0.41323404956890275
0.09127780362103748,-0.1446922122648309,1.2288998892127427,0.040630309265082494,3.0341792642165446,-0.4124025198235086
0.09124242758422302,-0.14460477565838817,1.227859528329909,0.040241282769450666,3.0342801631130056,-0.41157752628327593
0.09113779838870999,-0.14462694190532352,1.2288600815044972,0.04064629714756087,3.031664381102995,-0.41323421153422335
0.09113779838870999,-0.14462694190532352,1.2288600815044972,0.04064629714756087,3.031664381102995,-0.41323421153422335
0.09123139072201547,-0.1444892462063945,1.2278550835222117,0.04025879257449987,3.0338269522896697,-0.4211336843905341
0.09118099144135487,-0.14463557916488828,1.2284393749115996,0.040690413484975915,3.0339848088364576,-0.41444572029029697
0.09121322904609251,-0.14458973556224206,1.2283050060200635,0.0403414090980097,3.0333375699083645,-0.41599182384369277
0.09115761153147509,-0.14469341765061547,1.228778037651765,0.04120901308193116,3.0340001224852466,-0.4132470037967014
0.09124303268602076,-0.14458951410727208,1.2287392847063852,0.03984910879226223,3.0333333124189545,-0.413532484321597
0.09124303268602076,-0.14458951410727208,1.2287392847063852,0.03984910879226223,3.0333333124189545,-0.413532484321597
0.0912520057931976,-0.14466814286785443,1.2287087918485997,0.040680152672804275,3.033462404883121,-0.40985754360324156
0.09109182916613513,-0.1447109540258532,1.2289093057399345,0.04150539829352834,3.0324355224505806,-0.41167523314576243
0.09118333079223229,-0.14466387331141087,1.2284248065035022,0.04135924925481845,3.0342877354787055,-0.4135946088077468
0.09125288149012227,-0.14473074607188613,1.2291349055253977,0.040725646285614495,3.0341692577863335,-0.40803780484478575
0.09125288149012227,-0.14473074607188613,1.2291349055253977,0.040725646285614495,3.0341692577863335,-0.40803780484478575
0.09115088555928605,-0.14468146085135497,1.228783067737243,0.0415059312790496,3.031896003818139,-0.4108788052211319
0.0912024116218143,-0.14473543574422032,1.229078294996723,0.040618686023008464,3.0328381579006582,-0.4084164095244528
0.09115615517964407,-0.14465103680894856,1.2289436032729104,0.04066361742977673,3.0316135258846786,-0.4112929776220545
0.09115615517964407,-0.14465103680894856,1.2289436032729104,0.04066361742977673,3.0316135258846786,-0.4112929776220545
0.0911723811054879,-0.14461892798572362,1.2288110724179002,0.040624254540032684,3.031076480280797,-0.41030865317745274
0.09125364087090915,-0.14482210275296353,1.2291824243881593,0.04134936500881308,3.0356806911073906,-0.4074498879072401
0.09121035019639104,-0.14480445667909786,1.2290033115505934,0.041450728577050615,3.0351663957505037,-0.4086718465709706
0.09127143037015435,-0.14470137782117887,1.229322817407643,0.040164435015529944,3.0306501798974415,-0.4068250668206096
0.09123796888747077,-0.14471899758756257,1.2287147540202037,0.040385826568795496,3.0336932627441344,-0.4066601723421928
0.09123796888747077,-0.14471899758756257,1.2287147540202037,0.040385826568795496,3.0336932627441344,-0.4066601723421928
0.0912268867934584,-0.14473050159518236,1.2285960719282942,0.041027181825604664,3.0349848992508863,-0.41057855950120115
0.09119423949396308,-0.1447390105228407,1.2290567438013411,0.041208221131963596,3.0338296200477677,-0.4123634735773335
0.09113119054307821,-0.14477701730370532,1.228820821175871,0.04165322200276678,3.033529685580942,-0.4087236465963713
0.09120601085427987,-0.14465422846178647,1.2286660530887428,0.04086405603653998,3.0327688533807216,-0.41288349166167054
0.09120601085427987,-0.14465422846178647,1.2286660530887428,0.04086405603653998,3.0327688533807216,-0.41288349166167054
0.09123879069192506,-0.1446751574205038,1.2285455224228454,0.04042841424518322,3.0350025340817752,-0.4119970434895942
0.09126079784570097,-0.14480133249213295,1.2293520215862546,0.040615772195953054,3.034107933191016,-0.40567228699466906
0.09110465196539022,-0.1446880951894142,1.2290349413357444,0.04132875686330093,3.031710261973087,-0.41102130757317307
0.09120154616701992,-0.1446982682308729,1.2291979250298377,0.04081319057767436,3.032909391231188,-0.4105942011839921
0.09118806775123231,-0.1446213431630111,1.228715925021379,0.04059033455162018,3.031971230798362,-0.4123117154935742
0.09118806775123231,-0.1446213431630111,1.228715925021379,0.04059033455162018,3.031971230798362,-0.4123117154935742
0.09115974567360909,-0.1446263386015248,1.228465736142224,0.040918061063758775,3.030944827863798,-0.410794416610113
0.09123196681318685,-0.14472673642089307,1.2294520184882414,0.040356370080491644,3.032187736795165,-0.4088701109790046
0.09128234653386307,-0.14481091382662029,1.2295572587300536,0.04151237193575108,3.0383377586496936,-0.4104738491672109
0.09128234653386307,-0.14481091382662029,1.2295572587300536,0.04151237193575108,3.0383377586496936,-0.4104738491672109
0.09121385294662453,-0.1447239721442287,1.2287772433896829,0.040562265021839045,3.0331676020353675,-0.4076924666345673
0.09120932895618677,-0.14464733467961505,1.2288183338774445,0.04075977946147889,3.0331397258926738,-0.41370571263729417
0.09116538325653316,-0.14478863610190848,1.2292752562800922,0.04144887972608589,3.0335114282631106,-0.40797782832929486
0.09124052545125784,-0.14473098856847763,1.2289220866912607,0.041553886057541234,3.037508101725222,-0.4128361298932113
0.09124052545125784,-0.14473098856847763,1.2289220866912607,0.041553886057541234,3.037508101725222,-0.4128361298932113
0.0911692999264707,-0.1447651625328836,1.2290153823988261,0.04126905081178129,3.033722259765666,-0.40856542218221864
0.0911378233465935,-0.14475248296303692,1.2292024083148345,0.04155398746909119,3.031749758769412,-0.40802077896741135
0.09115219371690068,-0.144817644758234,1.2295399305690942,0.04155839733711823,3.0342892080009736,-0.4075651832892521
0.09115219371690068,-0.144817644758234,1.2295399305690942,0.04155839733711823,3.0342892080009736,-0.4075651832892521
0.09124017784449734,-0.14477292853617835,1.229015914550097,0.04105881427029471,3.03412916064754,-0.4102039134983846
0.09130621703161586,-0.14470156833663167,1.2294148250669392,0.040628421391620956,3.035626717332727,-0.410707800529133
0.09135367724413707,-0.14477059563313638,1.2292202446790164,0.040422842373155854,3.036469484386217,-0.407804123254749
0.09124433794008728,-0.1448513414751701,1.2297251610897202,0.04085762448068526,3.034071435725443,-0.4046382616869189
0.09124433794008728,-0.1448513414751701,1.2297251610897202,0.04085762448068526,3.034071435725443,-0.4046382616869189
0.09121298375742365,-0.14463253179106805,1.2290885271702001,0.04038993393465103,3.0303164230559894,-0.4119821320189332
0.09135485901971303,-0.1447757002970619,1.2294496413569793,0.040789615646203335,3.038790799604239,-0.4101015883327858
0.09125132842034907,-0.1447555794234814,1.2288926800997408,0.04074083790692375,3.0355773832863844,-0.40993084518329964
0.0911719560906702,-0.14479939165855943,1.2295125671690874,0.04081471129872896,3.032841058910202,-0.40400250986787367
0.09122012171723612,-0.144775444732639,1.2299256746103084,0.040749337636745146,3.033986681460689,-0.40725862068179913
0.09122012171723612,-0.144775444732639,1.2299256746103084,0.040749337636745146,3.033986681460689,-0.40725862068179913
0.09122529580369321,-0.14492052964011806,1.2297265438769311,0.041787744496629656,3.0355976765498527,-0.4051097136916959
0.0913390181846887,-0.14483853410796851,1.2295353950648886,0.040847927074570516,3.036940533544481,-0.4053773109926957
0.09129962847271597,-0.1447422206248745,1.2289789639888637,0.04136067835713168,3.036087181014502,-0.4101214204339624
0.09129962847271597,-0.1447422206248745,1.2289789639888637,0.04136067835713168,3.036087181014502,-0.4101214204339624
0.09128699359577624,-0.14489247920635143,1.2297713175462364,0.041694658140656496,3.0364729628136375,-0.40579460849496685
0.09119874054752931,-0.144846633177687,1.2292229535600636,0.0418970193363183,3.035706940304103,-0.4071791952028657
0.09117196728470373,-0.14476544809337585,1.2293676968836158,0.0412540125533233,3.032938240662955,-0.40908398647343575
0.0912256433191057,-0.14471388721423598,1.2290188298897913,0.04049091686330289,3.0319145983846685,-0.40844039863720644
0.09123463475024447,-0.1448937437345957,1.2296339093913442,0.04208189448289809,3.0374712693524324,-0.40536741773940427
0.09123463475024447,-0.1448937437345957,1.2296339093913442,0.04208189448289809,3.0374712693524324,-0.40536741773940427
0.09135379171856876,-0.14487708116544168,1.2296322275845053,0.04051061960787965,3.037363422357778,-0.4033133436227707
0.09132264538807286,-0.14475294876721603,1.2292247236960614,0.040529012973244176,3.0368435045802094,-0.40796919157862077
0.0912618273285038,-0.14475339151212732,1.2291732738360284,0.04135936788106492,3.036456937092235,-0.4108398226210644
0.0912618273285038,-0.14475339151212732,1.2291732738360284,0.04135936788106492,3.036456937092235,-0.4108398226210644
0.09122940636487716,-0.14477421000006918,1.2294715527897428,0.04133182051670475,3.0341854480015553,-0.40840928719851255
0.09118777070426412,-0.14469937513777845,1.2290479098289553,0.0406134204472877,3.033744128052359,-0.40956747061690696
0.0912616264902271,-0.1447440190847807,1.2291110796811997,0.04113425771546833,3.0361064698573332,-0.40787730766361224
0.09128449243236757,-0.1447568387407495,1.2295233145767568,0.04002284938334187,3.0320453292276675,-0.40640517921630814
0.09128555485818543,-0.14470289663483155,1.2293478791549495,0.03996414753125038,3.033399141130933,-0.4076500005827231
0.09129270559605078,-0.14471232752039906,1.2289126439180889,0.0405598672595968,3.033793198982256,-0.4097487807512631
0.09126061999499833,-0.14495558569152503,1.2301060803317134,0.042365451894707806,3.0398361451379605,-0.40604885864844226
0.09125785993929729,-0.14476014503319057,1.2292773983731262,0.040462082676500526,3.0341522649353383,-0.4077375540548607
0.09124698352982775,-0.14470405558932878,1.2287019891431044,0.04039723875471071,3.0336591515492746,-0.4073694741868822
0.09124698352982775,-0.14470405558932878,1.2287019891431044,0.04039723875471071,3.0336591515492746,-0.4073694741868822
0.09127585259022654,-0.14482364734607941,1.229282969920093,0.04118846756881515,3.037267855791743,-0.40602516625073276
0.0911773116603896,-0.14477386790514984,1.2290401455906002,0.041265106860673195,3.032986339038649,-0.407648751982645
0.09128805633469322,-0.14479820072721097,1.2294005458004738,0.04124636439390851,3.0369534581785853,-0.40840442214957723
0.09128805633469322,-0.14479820072721097,1.2294005458004738,0.04124636439390851,3.0369534581785853,-0.40840442214957723
0.09122707913558731,-0.1447828175137305,1.2291398124517432,0.04169436063596459,3.0368307820564375,-0.4106080387565649
0.09122087212573757,-0.1446555450709073,1.228953657674659,0.04066334621272115,3.034597255229207,-0.4143875770390478
0.09116725871837628,-0.1445905434518485,1.2291995182612168,0.04019221932377651,3.0310217388190543,-0.4150787661360405
0.09129173377303854,-0.14477243177203342,1.229991913099307,0.041100071351261785,3.0356570661285858,-0.40929728866161796
0.09128373877780217,-0.14486349605344173,1.2290530926764254,0.04157697111205387,3.0372077225020484,-0.4067623627405594
0.09128373877780217,-0.14486349605344173,1.2290530926764254,0.04157697111205387,3.0372077225020484,-0.4067623627405594
0.09130703629712648,-0.14489823174339908,1.2294959442690907,0.04195109316362605,3.0408244070443122,-0.40800716498368095
0.09127659668023842,-0.1448408020950194,1.22980159644065,0.041626585679886884,3.0368123707200363,-0.40540584745518365
0.09124141879586177,-0.1447787783146092,1.228801342164627,0.041736400481568486,3.039552631876391,-0.41291255135427357
0.0912779635721144,-0.1446784899722875,1.229017950986026,0.04064495223878772,3.035709579735113,-0.4098329933854299
0.09132539189178401,-0.14478232636585825,1.2297023142289796,0.04129303267486658,3.0369383045454565,-0.4092362358068573
0.0913033272628687,-0.14472417850883654,1.2289582244406996,0.0408961667891807,3.0351013998371386,-0.4089302003572106
0.09129344031066705,-0.1448380445723081,1.229120405370979,0.041968415059848725,3.0389408163508187,-0.40946223263991466
0.09124629237954866,-0.144818315130034,1.228981832574349,0.04142971482301427,3.0366797814602466,-0.4081464499939497
0.09132231313919578,-0.14481956166367108,1.2290992030348014,0.04093002925952753,3.0367076643206885,-0.40678253677085424
0.09132231313919578,-0.14481956166367108,1.2290992030348014,0.04093002925952753,3.0367076643206885,-0.40678253677085424
0.09128802172013888,-0.14483639275995733,1.2293587027423096,0.041304706985731,3.038006583263718,-0.4095260286958125
0.09124146496043353,-0.1446762818369218,1.2287292194856922,0.04032451665851544,3.0337617057043076,-0.40974582032314544
0.09123576289238501,-0.1447279439706322,1.229130714345938,0.040745394685476624,3.0337177783241964,-0.40863820253201544
0.09123576289238501,-0.1447279439706322,1.229130714345938,0.040745394685476624,3.0337177783241964,-0.40863820253201544
0.09123135299731457,-0.14476950345536624,1.229113671813616,0.04070509988795768,3.033414229740956,-0.4073533764705395
0.09119857577734339,-0.1447917960252346,1.229280838433895,0.04122687087323844,3.033080920751724,-0.4062389631387799
0.09128277177200476,-0.1448732628058612,1.2297007943520781,0.041325587347211756,3.0383266701242,-0.4060925251057093
0.09128277177200476,-0.1448732628058612,1.2297007943520781,0.041325587347211756,3.0383266701242,-0.4060925251057093
0.09121768556527847,-0.14485880231861326,1.2291837738911842,0.04173303686059299,3.0372954263859606,-0.4061321344686499
0.09128584235414522,-0.14476911438286594,1.2299461237775282,0.04057679466139177,3.034585683041952,-0.4081309076003278
0.09119000184133136,-0.14480139467813297,1.2294863297772212,0.04118650281348541,3.033004766928923,-0.407131418850203
0.09124906982698829,-0.14480982204205814,1.2298304124778952,0.04081560127160062,3.034728489551837,-0.4050989750719378
0.09127841021342861,-0.14484319319863684,1.229660953546262,0.04116853716021825,3.0376402592678384,-0.407893244904922
0.09127841021342861,-0.14484319319863684,1.229660953546262,0.04116853716021825,3.0376402592678384,-0.407893244904922
0.09128905902199623,-0.14484903377253985,1.2295304636608038,0.04153014473827472,3.0384998690414258,-0.4077040915238571
0.09132630108279952,-0.14491229352114235,1.2302107383807936,0.04096630120622547,3.0362441207249575,-0.4040286295292621
0.09124642391446323,-0.14482861185310564,1.2294181684679584,0.041408398121565014,3.035693453434554,-0.4082161622015992
0.09126567112983618,-0.14481880810591238,1.229229242649874,0.04140200516782966,3.0382697661350058,-0.409545714673886
0.09126567112983618,-0.14481880810591238,1.229229242649874,0.04140200516782966,3.0382697661350058,-0.409545714673886
0.0913214463511449,-0.14497032925800699,1.2303335424641726,0.04191668840657231,3.0391202780333213,-0.4057442654916343
0.09128761435602367,-0.1449092566668525,1.2296471463577903,0.042037065141261994,3.0393245678536625,-0.40618883746540185
0.09126969913994248,-0.1446851604583561,1.2300392365814063,0.04007927176251374,3.034510443260098,-0.40889667056868456
0.09127003211932716,-0.14475170793907824,1.2291232876963472,0.040279673785583864,3.0344347589571696,-0.4075570496140297
0.09120269070251572,-0.14487066372054047,1.229666422013145,0.04205832757567672,3.037227118196633,-0.4084634911345612
0.09120269070251572,-0.14487066372054047,1.229666422013145,0.04205832757567672,3.037227118196633,-0.4084634911345612
0.09125050944791903,-0.14483989362877378,1.229553659411899,0.04108424243972358,3.03717201990597,-0.40679069613320784
0.09134686049876889,-0.14472819547757948,1.2288376013412097,0.04027498304525541,3.0350884575147554,-0.4079806535507362
0.091287202167322,-0.1447388285478738,1.2296333530319032,0.039824051419539,3.0346397175389654,-0.40918697957678013
0.091287202167322,-0.1447388285478738,1.2296333530319032,0.039824051419539,3.0346397175389654,-0.40918697957678013
0.09113168195973159,-0.14469336902865396,1.2288548745994339,0.04119035813223525,3.033581547354223,-0.41268488705071094
0.09116421718040162,-0.1447487927560295,1.229377890931338,0.04176298271417792,3.0350829180458225,-0.41069269318033536
0.09131168672548796,-0.14480968265381172,1.2301579145802224,0.03990007769195995,3.032967022067676,-0.40521518802332485
0.09131168672548796,-0.14480968265381172,1.2301579145802224,0.03990007769195995,3.032967022067676,-0.40521518802332485
0.09129336894365471,-0.14482073976255314,1.2296271403097796,0.04144900727824867,3.0376926494657304,-0.40757484792988063
0.09129336894365471,-0.14482073976255314,1.2296271403097796,0.04144900727824867,3.0376926494657304,-0.40757484792988063
0.09126303093854214,-0.14472602540472715,1.2291644742485184,0.04104647068448335,3.034001725503675,-0.41066610007592896
0.09126303093854214,-0.14472602540472715,1.2291644742485184,0.04104647068448335,3.034001725503675,-0.41066610007592896
0.09138161491986219,-0.14484759583392884,1.2297330436916292,0.041341974348418624,3.041068553583786,-0.41093034368257225
0.09127643560286187,-0.14475855489003958,1.2292176506905914,0.04114133840702859,3.037868844971114,-0.41149011059149737
0.09114226615521809,-0.1448723651844245,1.230016599004946,0.04178543436772993,3.033384395169643,-0.4061766955081682
0.09115249873676178,-0.1447431929701243,1.23008976526651,0.04060223952077119,3.032962355424384,-0.4073393704429192
0.09121436684753026,-0.14473210614288662,1.2288074222591268,0.0411413211570056,3.034437770860311,-0.41070633908962334
0.09121436684753026,-0.14473210614288662,1.2288074222591268,0.0411413211570056,3.034437770860311,-0.41070633908962334
0.09117441888839899,-0.1447520063770611,1.2298492591371668,0.040928242586174814,3.0340416553208005,-0.41073952221541254
0.09132311329728798,-0.14487577154638126,1.2295101297108548,0.04149870497140042,3.039311758481927,-0.40709607306398576
0.0912893008124727,-0.14479588920503103,1.229450163223651,0.0407165475464756,3.035773494703655,-0.40676532265490134
0.09126024041921765,-0.14469042376612065,1.2296503765252011,0.04011132092558283,3.035171322676666,-0.41031791698395015
0.0912824010880003,-0.1448082680279907,1.229369766020287,0.04150725747473983,3.038001537884944,-0.41019361290387146
0.0912824010880003,-0.1448082680279907,1.229369766020287,0.04150725747473983,3.038001537884944,-0.41019361290387146
0.09128905887784883,-0.1448246572133361,1.2301160056529472,0.04112365814529813,3.0354015734778947,-0.40679627757232767
0.09129262263085335,-0.14482102546148776,1.2294417226081644,0.04097914856826404,3.0381971602484708,-0.4074705499159046
0.09123856437488213,-0.1447499427215795,1.2292098443187562,0.04164843854148233,3.0381354220994403,-0.4132456410098817
0.09123856437488213,-0.1447499427215795,1.2292098443187562,0.04164843854148233,3.0381354220994403,-0.4132456410098817
0.09135079478169954,-0.144855931617108,1.2300828323762159,0.04066448097543521,3.0380142769195957,-0.40461028297238205
0.09127460766125169,-0.1448374449103229,1.229099938148546,0.04124038948546902,3.0389898322447695,-0.4080753562287689
0.09122457893558329,-0.14475375996680337,1.2293315412805599,0.04106842259810696,3.0351817460073103,-0.4088738745529109
0.09132513770375608,-0.1448292478566199,1.2296528068128962,0.04135352664252665,3.037144650298501,-0.40803760121441296
0.09132513770375608,-0.1448292478566199,1.2296528068128962,0.04135352664252665,3.037144650298501,-0.40803760121441296
0.09138637812492974,-0.14484728318796933,1.2294420896861193,0.04055356507169632,3.039142018172452,-0.40584979794010706
0.09112749996339661,-0.14478947181955262,1.2291339633831526,0.04227022148062255,3.034009688893397,-0.4112558464251229
0.09120590515730331,-0.14469601763635206,1.2291113247638568,0.04034936681712609,3.032808603024782,-0.4110331536460761
0.09118758513094137,-0.14468317315281332,1.2296616670274672,0.0408964550136168,3.0331298682396395,-0.4119549178616788
0.09118758513094137,-0.14468317315281332,1.2296616670274672,0.0408964550136168,3.0331298682396395,-0.4119549178616788
0.0912821615181346,-0.14484957761838074,1.2292114405410868,0.04179607495775988,3.039148684072381,-0.4069470228779674
0.09120626114175313,-0.1446785781250866,1.2288920148961673,0.041644793897746446,3.0363962429527205,-0.4136307230731293
0.09122207797864561,-0.14478104651502421,1.2296654343178668,0.04123775138863068,3.036545759264774,-0.4111441844275665
0.0911709686513459,-0.1446742427465134,1.2295421082242342,0.04019993322420949,3.0325380098142305,-0.4105325760121996
0.0911709686513459,-0.1446742427465134,1.2295421082242342,0.04019993322420949,3.0325380098142305,-0.4105325760121996
0.09120004149310158,-0.14481044058879894,1.229596020487841,0.04130590979471739,3.0336678233594125,-0.40708923421928417
0.09125084049256338,-0.14483717844975608,1.2295340369826353,0.041237710766551895,3.0366800074086173,-0.40745638810514934
0.09124528035492048,-0.14471666691255386,1.2291590516938413,0.041248540675455844,3.0364848066653205,-0.41222135708409396
0.09124528035492048,-0.14471666691255386,1.2291590516938413,0.041248540675455844,3.0364848066653205,-0.41222135708409396
0.09122060958715823,-0.14472291055420236,1.2287910409902165,0.041095846316554184,3.0345204019332863,-0.40863080680778435
0.09129320387501996,-0.14481981543477435,1.229652897671633,0.0408647411426074,3.037713920640005,-0.4081981420941485
0.09131072195844178,-0.14477847401733418,1.229729896944006,0.04052567484003004,3.0372114014759553,-0.4085375904364477
0.09131072195844178,-0.14477847401733418,1.229729896944006,0.04052567484003004,3.0372114014759553,-0.4085375904364477
0.09130782503491953,-0.1448356236087837,1.2300275918916042,0.0406934309445944,3.0371849550411283,-0.40582422395526424
0.09124869464489826,-0.1447366213816074,1.2288796769741301,0.04111482882912106,3.036722719425456,-0.4098535687456276
0.09117616035407015,-0.14473377527257458,1.22922481612874,0.041213317969434844,3.035818288152426,-0.4114874375368879
0.09132393996785583,-0.14479919784516665,1.2299764542435208,0.041166671660113875,3.0384407232610324,-0.40919627497365485
0.09132393996785583,-0.14479919784516665,1.2299764542435208,0.041166671660113875,3.0384407232610324,-0.40919627497365485
0.09126909840016748,-0.14476619672897792,1.2291866307548596,0.04147489072589543,3.0397707870137154,-0.41149859822369894
0.09125931349897747,-0.14476163175207046,1.229443489359902,0.03999652529283891,3.032768320179497,-0.4077003794867454
0.09129420301604561,-0.14480581043084106,1.230034752968995,0.03986343808156075,3.032393825004924,-0.4024831922838052
0.09134979480373902,-0.14474907230871337,1.2293201919984553,0.040108079166637084,3.0370876587109388,-0.40747319927650805
0.09134979480373902,-0.14474907230871337,1.2293201919984553,0.040108079166637084,3.0370876587109388,-0.40747319927650805
0.09121236536598405,-0.14470909007503904,1.228793827839111,0.04086774081831905,3.0344020070211766,-0.41055507748966036
0.09131546940149295,-0.1448599760868627,1.22952445880322,0.04095935765316492,3.037839181446403,-0.40336987941138525
0.0911221647309103,-0.14483582458850927,1.229660599862008,0.041700008203746856,3.032728798537875,-0.4065136273173219
0.09126764215188927,-0.14476978017651143,1.229555021695776,0.0406261519662748,3.0358039798575884,-0.4076850301316268
0.09126764215188927,-0.14476978017651143,1.229555021695776,0.0406261519662748,3.0358039798575884,-0.4076850301316268
0.09127991826468716,-0.14492360938483903,1.229973184489068,0.04165980758429207,3.038139898454117,-0.4047888806761694
0.09131607105794598,-0.14473800667852305,1.229476738016786,0.04024312133421941,3.03653137249787,-0.41127867972187454
0.09126681970894725,-0.144736484758533,1.229444005625836,0.041103642590764045,3.0361601791623882,-0.4104176538501016
0.09126681970894725,-0.144736484758533,1.229444005625836,0.041103642590764045,3.0361601791623882,-0.4104176538501016
0.09126999148276452,-0.14485467710514782,1.2295791708730772,0.041598751104339,3.0380735514234596,-0.4075617300170977
0.0912341298439718,-0.14480743673643884,1.228892785977032,0.0414860350104258,3.03831003622004,-0.4089211856565453
0.09118876396102539,-0.14477207915534315,1.2294359328507893,0.041049981570652545,3.0355236082572477,-0.4082013613355769
0.09126869495166966,-0.14483992859607872,1.229590753557515,0.04142685227001303,3.036835760026556,-0.4053091430063171
0.0912602330666317,-0.14490576293735025,1.229758014243627,0.041561322518352053,3.037287387326583,-0.40349692993584513
0.09116576991569796,-0.14468083300879192,1.2293302016901526,0.04112964179403801,3.0308062301296324,-0.4112977982117057
0.09125653009458921,-0.1447040372648187,1.2290388597034165,0.040368953562591924,3.0346375183837426,-0.40838988761396805
0.09121706638898719,-0.14484982301615587,1.2294132093861545,0.04149901086563527,3.037289948625477,-0.4061711096609682
0.09126324823160348,-0.1448659124211019,1.2299991178360283,0.04159633991065385,3.0371693622733655,-0.4075079151739271
0.09126324823160348,-0.1448659124211019,1.2299991178360283,0.04159633991065385,3.0371693622733655,-0.4075079151739271
0.09124992462691021,-0.14469765859008704,1.2298225113280692,0.04032970030031763,3.0349069022776085,-0.40989955390800825
0.09124209602728128,-0.14486147584872527,1.229600824184366,0.0416209384444932,3.0334554069972555,-0.4054813777956391
0.09129009729376968,-0.1447596163716644,1.2298737260647192,0.0401249497405249,3.0341660488611386,-0.4085489643451955
0.0911891796805831,-0.1448506597895484,1.229567385982324,0.041422197446968866,3.0342854383956435,-0.40435810026071156
0.09124402310548252,-0.1447149633152244,1.2297848986627435,0.04041426168196198,3.0343953929114815,-0.40992908412136475
0.09125498784519144,-0.14478763952752632,1.2291975154792847,0.040811671306913745,3.035157917855112,-0.4075416213050732
0.09122378614587724,-0.14461660987465824,1.2288589792282911,0.04006820746390286,3.029537345636633,-0.41212460442051346
0.09119613410544213,-0.14472064831895243,1.2289875910928556,0.04059249298398269,3.0338330697175455,-0.40971723274806887
0.09119613410544213,-0.14472064831895243,1.2289875910928556,0.04059249298398269,3.0338330697175455,-0.40971723274806887
0.09124846502174024,-0.14465743933206268,1.2283594966324702,0.04104105368591681,3.0365149348156373,-0.41326397824344185
0.09122429358053832,-0.14451038750818196,1.2284374082226621,0.03995679288827627,3.031819821019522,-0.41625367506598504
0.09112438877382671,-0.14460289972094273,1.2288122281554459,0.04095875193238955,3.0301780780679515,-0.41526783158496755
0.09120526926487345,-0.14461162283153361,1.2287140179538592,0.03994739799766499,3.0302612535175046,-0.4100673334259173
0.09118863907720588,-0.1446190688494947,1.2293779460262726,0.04031214117893891,3.0333670177263317,-0.41180102000297863
0.09117383148350394,-0.14469031738967922,1.2293687144988492,0.040841590959479576,3.0322389293790684,-0.4096518841706933
0.091212005444564,-0.14470808360837997,1.2292432775177136,0.040573588014189324,3.033256610038749,-0.4091008082076197
0.09129314786608313,-0.1446683343341044,1.2290763135584775,0.04075432200060731,3.0370562911284726,-0.4140557382271783
0.09129314786608313,-0.1446683343341044,1.2290763135584775,0.04075432200060731,3.0370562911284726,-0.4140557382271783
0.09113194097697032,-0.14459963141240126,1.2287355699566134,0.040648462392800504,3.031527025881062,-0.4146532364084503
0.09107871620843745,-0.14460158072461393,1.2287847694980265,0.04101827967112297,3.030551861426001,-0.41745410614544126
0.09122392854589499,-0.1446639508542191,1.2289796435878593,0.041256258198841565,3.0350514736658996,-0.4127447933475664
0.09114925602339194,-0.14458117774721352,1.229503215196668,0.039686405053660626,3.0294037026180987,-0.41153020950462793
0.09120988926976233,-0.14463902213579077,1.2291790252214145,0.04036430452619202,3.0326878239090473,-0.41438711016304886
0.09127248044526978,-0.14457825137171654,1.2284300480791357,0.04106139176146717,3.0363371969051207,-0.4202605595058886
0.09112818526667014,-0.14464803930408915,1.2290148594880475,0.04067949985940296,3.031134066685295,-0.4105051039310753
0.09112818526667014,-0.14464803930408915,1.2290148594880475,0.04067949985940296,3.031134066685295,-0.4105051039310753
0.09112676037049329,-0.14464296725432513,1.229042540231489,0.040411785459434336,3.0311722255311033,-0.4106269758617901
0.09121561501710684,-0.1445801129870427,1.2287209953413731,0.04033740174300504,3.032941914230993,-0.41253931727901333
0.09112225813831616,-0.14462643218489407,1.2291119667546109,0.040913150922448356,3.0312737611983254,-0.4146619501893675
0.09113457886298443,-0.14459951089169532,1.2289329119010313,0.040813707026691536,3.0321580140328988,-0.41624613228445867
0.09112828768218277,-0.1446964655506218,1.2292165207355186,0.04108240408078112,3.0314916126615428,-0.4106635131973506
0.09112828768218277,-0.1446964655506218,1.2292165207355186,0.04108240408078112,3.0314916126615428,-0.4106635131973506
0.09127384496129617,-0.14463375233177184,1.2289944204295276,0.03989040939428423,3.034333386429996,-0.4119813765802774
0.09123929090974624,-0.14449304801749757,1.2291167319358647,0.03902123649129917,3.028503443067149,-0.4159233630298147
0.09111896238662177,-0.1446431414645699,1.2292918584240342,0.04056094117297279,3.03064369008378,-0.4101875748569109
0.09111896238662177,-0.1446431414645699,1.2292918584240342,0.04056094117297279,3.03064369008378,-0.4101875748569109
0.09129228779721682,-0.14470804449320038,1.2291920630555753,0.040107230373433805,3.03518881590973,-0.40861548199930026
0.09111702800040974,-0.14458556436991937,1.2292244282290863,0.040123246748756336,3.0286315104581245,-0.412783911317297
0.0911365559625963,-0.14466173114304037,1.228517056724442,0.041896988059040595,3.0340048249702765,-0.41509209145018666
0.0912559540176452,-0.14468184581975357,1.228910221350971,0.04029511685312623,3.0338420457533872,-0.4099068305177129
0.09118393799838541,-0.1446809537304234,1.2293913832513845,0.0407151784907379,3.0324697603559754,-0.4116495836209569
0.09118393799838541,-0.1446809537304234,1.2293913832513845,0.0407151784907379,3.0324697603559754,-0.4116495836209569
0.09116344982984262,-0.14466665831925365,1.228827621683476,0.040566306903719734,3.0334976939215514,-0.4124062256082333
0.09112465194505245,-0.14464128050539385,1.2289812918363905,0.04142244949220425,3.0332458441910335,-0.41480059644020073
0.0912380874871036,-0.14481119840690757,1.2295995263663684,0.041377882056731714,3.037192157987417,-0.40724054004337457
0.09116151780017691,-0.14467723028319035,1.2291849187989503,0.04076128003026506,3.0322237360341924,-0.41234341610199815
0.09116151780017691,-0.14467723028319035,1.2291849187989503,0.04076128003026506,3.0322237360341924,-0.41234341610199815
0.09121750419830345,-0.14471808289730084,1.22959128996141,0.04087034510210357,3.0343445547247807,-0.41175744983117313
0.09122011617133778,-0.14451512648823558,1.2286871496679592,0.03948383029418032,3.029887110057034,-0.4145194710361145
0.09114411510004684,-0.1446061864098037,1.2290548548595555,0.04049824784511009,3.0312946803574743,-0.4137700819079575
0.09114411510004684,-0.1446061864098037,1.2290548548595555,0.04049824784511009,3.0312946803574743,-0.4137700819079575
0.09112302684077668,-0.14454376548210218,1.2285105921990398,0.04044574054119522,3.0288313261699416,-0.41307942808968245
0.09112302684077668,-0.14454376548210218,1.2285105921990398,0.04044574054119522,3.0288313261699416,-0.41307942808968245
0.09128135027407981,-0.14473548830364186,1.2293707003435368,0.04126288920119073,3.0382352651244964,-0.41347495568367254
0.09116013124364232,-0.14461529080460073,1.2288606485560154,