0.10135031313089278,-0.19884057473295685,1.200155764415967,0.05210721503129729,3.078130432194992,-0.05133337331519291
0.10158592215667278,-0.19875494488215073,1.20051361580666,0.05103481799155596,3.086570241656761,-0.06137143991624049
0.10139126284572988,-0.19883006052527885,1.2002017141476018,0.05208865765258279,3.0811890805831483,-0.05746955471869025
0.10141368812983134,-0.1988234945311466,1.19958443599039,0.0519628506630008,3.084141808236329,-0.05687057399291577
0.10141368812983134,-0.1988234945311466,1.19958443599039,0.0519628506630008,3.084141808236329,-0.05687057399291577
0.10135036057207421,-0.19881659196643567,1.200675425345326,0.05235548357763976,3.07430416737881,-0.05938565068197211
0.1013033230890492,-0.1988931799929338,1.2012969976260537,0.05273477961186678,3.076337848869062,-0.05739481539963801
0.10143271719446245,-0.19877080828962665,1.2002840681332672,0.051713607426416286,3.0797200890846463,-0.05818416681883103
0.10144853026751549,-0.19888014228074938,1.2014765716163238,0.05189890307206347,3.0712080883775648,-0.05524397450674307
0.10139512285842033,-0.19882839622804868,1.2005624623453721,0.0522242008217493,3.0750169292727785,-0.05377219407353954
0.10144649335424345,-0.19877914713786854,1.200296593136411,0.05164674563748232,3.0855102963687426,-0.062252148545546525
0.10135979291444203,-0.1987449279539104,1.2005311006208683,0.05199988667643222,3.085904988781847,-0.07111193666670705
0.10145130707150526,-0.19884165662436432,1.2000720048428308,0.05209331426061165,3.0793155368365177,-0.05381174978504759
0.10142276333675806,-0.19886967703029568,1.2010801110173683,0.052524755778348836,3.0800805170316754,-0.05718907992154018
0.10142276333675806,-0.19886967703029568,1.2010801110173683,0.052524755778348836,3.0800805170316754,-0.05718907992154018
0.10138554255872365,-0.19884843060411142,1.2003480728212166,0.05195784307884635,3.082646266811412,-0.05850237948126911
0.10129963930725688,-0.19883283731799833,1.201037046880133,0.05240945840849351,3.0746886298653475,-0.05953627197644769
0.10151143959879767,-0.19883814203753114,1.1996658145145656,0.05161263679867562,3.083931036458996,-0.04466684075372406
0.10151143959879767,-0.19883814203753114,1.1996658145145656,0.05161263679867562,3.083931036458996,-0.04466684075372406
0.10139931147155858,-0.19881750934530978,1.2004367749716511,0.052041354431251075,3.079615432515053,-0.05558214516970199
0.10148434756302063,-0.19881496753500907,1.2004963991699549,0.051869059541753096,3.076846675112129,-0.05126414938238425
0.10142356223827884,-0.1988667589142447,1.2009929424871273,0.05232573418508531,3.0799689453818013,-0.05593603304069143
0.10142761287880664,-0.19884544135808874,1.200734034463522,0.05202917243228514,3.0820606741536363,-0.05780281160463683
0.10147234797374245,-0.19885969712995727,1.2007226218596934,0.052123253296294816,3.0825790062700054,-0.0549807400745428
0.10147234797374245,-0.19885969712995727,1.2007226218596934,0.052123253296294816,3.0825790062700054,-0.0549807400745428
0.10140512311112884,-0.1988063223826593,1.20186678552244,0.051592901917483065,3.0790904558945886,-0.06848980046686491
0.10145164449294256,-0.19882453872320102,1.2002228743656713,0.0519640478232018,3.080065096491749,-0.05533950712757112
0.10148588296122574,-0.19882899514281255,1.201080533155999,0.05180516866414472,3.0788444722458452,-0.05759032951468798
0.10152565070330455,-0.19883978866585816,1.2004200075930926,0.05160805166711954,3.079170064688058,-0.051238102223363266
0.10140336209048442,-0.19885502295791221,1.2008876493298295,0.052154434829674086,3.0751426439859486,-0.05431255497512088
0.1014326972482532,-0.19882290554364768,1.200039842562521,0.05187849278606846,3.082444982311708,-0.056489680522889045
0.10147830180164376,-0.19885295897557687,1.200353230478163,0.052173328823838794,3.085859064746105,-0.05743228063956846
0.10147830180164376,-0.19885295897557687,1.200353230478163,0.052173328823838794,3.085859064746105,-0.05743228063956846
0.10152421263591732,-0.19879567892366062,1.2000036403046448,0.05120013847201945,3.0810379328112543,-0.05637080038102888
0.10143670840825016,-0.19876448030420985,1.2017566064161571,0.051232842707088444,3.0676948759606213,-0.06405928066731792
0.10147454556919155,-0.19878117475275878,1.199527608682465,0.05145960518159761,3.082465717299037,-0.05539895123967129
0.10137388209526264,-0.19876278890264273,1.2014901549001809,0.051934911591481024,3.069698236255293,-0.06170526468645582
0.10140157681969988,-0.1987642463075916,1.1999971074445324,0.05228415525070787,3.080136805429866,-0.05920197168852139
0.10140157681969988,-0.1987642463075916,1.1999971074445324,0.05228415525070787,3.080136805429866,-0.05920197168852139
0.10141578158015838,-0.19872941746080935,1.200515270595366,0.05162780783041607,3.0786573104820603,-0.0642579660668962
0.10136685104357439,-0.19877344416084702,1.2004331143335474,0.05209617404177328,3.0783480816883135,-0.06210414857984076
0.10146441357008797,-0.19881241800268715,1.1997546752454187,0.05188935662520761,3.078950262849112,-0.04916368742754792
0.10146441357008797,-0.19881241800268715,1.1997546752454187,0.05188935662520761,3.078950262849112,-0.04916368742754792
0.10135759424624775,-0.19876168202822805,1.2005983294060243,0.052278235412015366,3.0810321580421274,-0.060422018165634334
0.10140285169884776,-0.19877311986308924,1.2003168340866914,0.051887333186793706,3.0776278507913313,-0.05767977457178195
0.10136685104357436,-0.19877344416084697,1.200433114333547,0.05209617404177335,3.0783480816883113,-0.0621041485798385
0.10146543797719297,-0.19868072651463045,1.200429252125251,0.05128007682207376,3.0725321139628505,-0.05861845299007939
0.1014856768733094,-0.198761720574401,1.1999444196535176,0.05187828424581915,3.0779337145415613,-0.053814051342762376
0.1014856768733094,-0.198761720574401,1.1999444196535176,0.05187828424581915,3.0779337145415613,-0.053814051342762376
0.1013565486132661,-0.19876777254224634,1.1997448477972277,0.05251582391851235,3.0802957385492293,-0.057269916810262445
0.10140071994645189,-0.19877866817977263,1.2002427467793217,0.052103423503182665,3.0765754175672813,-0.05869069955990496
0.10140492787167968,-0.19880782112621828,1.2006489933595534,0.052361717995634785,3.073278243865043,-0.055103224561479196
0.10140796568030143,-0.1987523183860257,1.2003998320190303,0.05170995083183575,3.0796591967236044,-0.06076802327074123
0.10140796568030143,-0.1987523183860257,1.2003998320190303,0.05170995083183575,3.0796591967236044,-0.06076802327074123
0.1013800604636215,-0.19875786634335027,1.200737909228024,0.052136673232026504,3.0714672631152236,-0.05873096676289559
0.10133942950859294,-0.1987203563989795,1.2010593376132987,0.05199161680911379,3.0730361886986928,-0.06442315764635499
0.10145899074941561,-0.19877667288287182,1.2000147316325225,0.05184481444757187,3.07638803281204,-0.055000657561352626
0.10145899074941561,-0.19877667288287182,1.2000147316325225,0.05184481444757187,3.07638803281204,-0.055000657561352626
0.10126300201656656,-0.1987824899211995,1.200760632975568,0.052827221829334636,3.06920930846655,-0.058403758747711386
0.10132285661128743,-0.19872171090543575,1.1998802548481777,0.05223926801252938,3.0771690872579662,-0.059242070919685585
0.10148612980762599,-0.1987124574868584,1.2008138408910556,0.05116450148707175,3.0743498000790135,-0.06180923090582949
0.10131699587276335,-0.19883495039457688,1.2010383237482376,0.052474546709107193,3.0705364621014786,-0.05351940668435972
0.10141554333224702,-0.1987325464520385,1.2003939642680066,0.05173416397535483,3.076790152263984,-0.061857182847061695
0.10141554333224702,-0.1987325464520385,1.2003939642680066,0.05173416397535483,3.076790152263984,-0.061857182847061695
0.10152109109533093,-0.1987880337722195,1.2003107707944562,0.05151647972791984,3.078533552165939,-0.05535857031737968
0.1013432170230292,-0.19869496688590754,1.2005029477260385,0.05180188460268592,3.073845321926273,-0.06802472010700682
0.10143796469286125,-0.19869799777510455,1.2005854550252868,0.05128564037419124,3.0801250270315754,-0.06614662888361057
0.1012763569954932,-0.19868548423319465,1.2002415856579363,0.0521346434885734,3.074748162988537,-0.06326515127594846
0.1012763569954932,-0.19868548423319465,1.2002415856579363,0.0521346434885734,3.074748162988537,-0.06326515127594846
0.10149665288754946,-0.19879588425579542,1.2002300971472681,0.051957884443233696,3.0770805342701477,-0.05299535219456047
0.10133783775573386,-0.19874008534661708,1.201058729091291,0.05213748357988633,3.0707091366450263,-0.05958814033654537
0.10128149889841682,-0.19876811255926433,1.200691891648047,0.0523531192104502,3.0719684524852964,-0.06103998585310205
0.10131734247359159,-0.19882987894141663,1.2004684162204717,0.052792641075768185,3.0748280621613073,-0.056314049536913185
0.1013809100262472,-0.1987213577755833,1.2008470013813783,0.05168082101836053,3.074562961647676,-0.06704576136574103
0.1013809100262472,-0.1987213577755833,1.2008470013813783,0.05168082101836053,3.074562961647676,-0.06704576136574103
0.10130625575187019,-0.19874936163160647,1.20080109219163,0.05229853891034447,3.069403288737718,-0.05843257030006836
0.10140461924383944,-0.19878934584312274,1.1995534136010184,0.052384988339375514,3.081635752221342,-0.04981026575225153
0.10131419399584476,-0.19879366548894514,1.200736818618773,0.052344939446302384,3.0767036690081726,-0.06092283492510899
0.10131419399584476,-0.19879366548894514,1.200736818618773,0.052344939446302384,3.0767036690081726,-0.06092283492510899
0.10131920772842183,-0.1987378176434718,1.2008541291290389,0.052155023050055774,3.0749145143058785,-0.06266463277246681
0.1013034201865065,-0.1987215212704223,1.200601851906795,0.052231260486754964,3.0739910500017373,-0.05950738386306317
0.10142491349715418,-0.198699500249104,1.2004600489032369,0.051369410707594175,3.0794219253556716,-0.06655974190962465
0.1012345381575505,-0.19878718726490954,1.2001139011634088,0.05255542394997055,3.0778239448278115,-0.05612297013870969
0.10144686793350403,-0.19875080270407533,1.1998708500730952,0.051713372876409085,3.0842003421165485,-0.062245356853423986
0.10138878402430046,-0.19868961623448367,1.2008277136140668,0.051489425928762496,3.0743825937954905,-0.06451716705616406
0.10142077376764148,-0.19873495943280364,1.2002668386972322,0.051587757982689844,3.0792502271511366,-0.05732616433179598
0.10135331000351906,-0.1987562611837501,1.2012823185386658,0.052038743418965666,3.070254459807719,-0.06029358166634587
0.10135331000351906,-0.1987562611837501,1.2012823185386658,0.052038743418965666,3.070254459807719,-0.06029358166634587
0.10135797665644185,-0.1987783367765324,1.200392990793338,0.05249577295601421,3.074048903881764,-0.05689861278908722
0.10148179362028821,-0.19878847071383685,1.2002576811576486,0.05125203547356691,3.0800594285980134,-0.052752860296209445
0.10137445804614968,-0.19870571929051525,1.2000672455897594,0.05192501126784317,3.0799174765182094,-0.06288805147274446
0.10139515246437739,-0.19873632569845504,1.2007493795511375,0.05196989400793975,3.0734817047289544,-0.062325949634022625
0.10139515246437739,-0.19873632569845504,1.2007493795511375,0.05196989400793975,3.0734817047289544,-0.062325949634022625
0.1014223871414108,-0.19878721520849155,1.1992919455964364,0.05222340536107095,3.0847679378566677,-0.05308245547996263
0.10129072778540434,-0.19883367363998097,1.2010338173847321,0.05240119678636102,3.071266484692389,-0.05586286619872413
0.10144835708031401,-0.19874389759094646,1.1999434233547335,0.051876952093732186,3.078404268290939,-0.057023904236068595
0.10147365205292752,-0.1987832318966475,1.19989382791488,0.05184109801857461,3.0795860359539327,-0.05017179525306449
0.10141389568075723,-0.1988018887738269,1.200529462480023,0.051716528342802895,3.0767263624884422,-0.05282712044715372
0.10141389568075723,-0.1988018887738269,1.200529462480023,0.051716528342802895,3.0767263624884422,-0.05282712044715372
0.10119735652094133,-0.1988266761860797,1.200556843423188,0.05323708222087923,3.0715672844037933,-0.058055279292746634
0.10134703206869387,-0.19872754738568268,1.1996466614097911,0.05252557441133267,3.0820298030492634,-0.06187611613103524
0.10147330943087426,-0.1987963008512952,1.200046941709424,0.05173228788948662,3.0796755881832025,-0.05628988868615764
0.10147330943087426,-0.1987963008512952,1.200046941709424,0.05173228788948662,3.0796755881832025,-0.05628988868615764
0.10140775474346234,-0.1987730300008459,1.1995556916134145,0.051975144103506545,3.0816687287167603,-0.0538866229818108
0.10138026629454978,-0.19872613804842995,1.1993385718325125,0.05215805785189938,3.0825220297713374,-0.06053972383367038
0.10137209455938827,-0.19874633788341126,1.1998396882793099,0.051653378530815135,3.0816264684355477,-0.060319324668636654
0.10137209455938827,-0.19874633788341126,1.1998396882793099,0.051653378530815135,3.0816264684355477,-0.060319324668636654
0.10145250557606102,-0.19878783886710727,1.199788353996944,0.05195419546322154,3.0784075578535273,-0.05603490402327362
0.10118783967810295,-0.19880290179223478,1.2006014431870444,0.05307551783690224,3.0761013719572556,-0.06531689330753222
0.10128572675118964,-0.19880584052175804,1.1999806303399851,0.05273941942275922,3.07985469774661,-0.06024922117475745
0.10128572675118964,-0.19880584052175804,1.1999806303399851,0.05273941942275922,3.07985469774661,-0.06024922117475745
0.10136277163709483,-0.19868283103738085,1.2003989087777762,0.051684039571880835,3.0810653841736912,-0.06700500675495473
0.10136277163709483,-0.19868283103738085,1.2003989087777762,0.051684039571880835,3.0810653841736912,-0.06700500675495473
0.10124754264002082,-0.19876862680477703,1.200210259476784,0.05274797996500516,3.0808652981343303,-0.06826320773554782
0.10145436865948916,-0.19874927345156088,1.1995798476502597,0.05163175285342364,3.0850233969700724,-0.06205578546960432
0.10129385472104402,-0.19872528177974155,1.200773344082788,0.051982754131444646,3.072417374242963,-0.062206462604894444
0.10129385472104402,-0.19872528177974155,1.200773344082788,0.051982754131444646,3.072417374242963,-0.062206462604894444
0.10139283497353764,-0.19873213134848433,1.2002045848325278,0.0517264062214404,3.0805140350482647,-0.061763807977819836
0.10126029062003544,-0.19877884940217896,1.1996615944519757,0.05282937200720239,3.0854597449492625,-0.06207878860354993
0.10136178704106866,-0.19877190012488155,1.2004122749438464,0.052018195691750695,3.075976659155492,-0.06029893694353338
0.10123369607716748,-0.19860887450302495,1.2002266972725881,0.05194607823986246,3.078184211363022,-0.07391831136631197
0.10123369607716748,-0.19860887450302495,1.2002266972725881,0.05194607823986246,3.078184211363022,-0.07391831136631197
0.10144389242786475,-0.19872317181902954,1.2004240209584618,0.05115381378931404,3.076282372058549,-0.06183998900927966
0.10124634326913387,-0.19871854825906957,1.2001534169434334,0.052618245145675875,3.0820414876930675,-0.06727715329308058
0.10139676263503379,-0.19876344974568114,1.1995151231546066,0.052535154776238775,3.0816814398581194,-0.06108939555420195
0.1014280738765778,-0.19883750974139347,1.2006047399078663,0.051974476235637404,3.0770864382691165,-0.052162272603137085
0.10128175157405157,-0.19882207029854015,1.2006857502893455,0.0522872326122443,3.0753305820054777,-0.05807900949698884
0.10128175157405157,-0.19882207029854015,1.2006857502893455,0.0522872326122443,3.0753305820054777,-0.05807900949698884
0.1012685548855492,-0.19871355040880864,1.2005861355929424,0.052193879883635746,3.071914582947174,-0.06308023295582718
0.10128779008327432,-0.19882477943216098,1.20013499887876,0.05278406283611455,3.074646120930681,-0.0566434107985844
0.1013170833316157,-0.1986988047919204,1.199859419157494,0.052106678666153275,3.0787384169665772,-0.06591787286844929
0.1013170833316157,-0.1986988047919204,1.199859419157494,0.052106678666153275,3.0787384169665772,-0.06591787286844929
0.10126635933129306,-0.1987365430467389,1.2005839166066223,0.052483865954724686,3.067327438260805,-0.06167840398872569
0.10152896808305903,-0.19870790837533467,1.20051157447172,0.051367529386494436,3.0829014135264,-0.06351393450004533
0.10136025903549975,-0.19873976673326757,1.2002521831896722,0.052018352303468914,3.0730590931004556,-0.05967277710477809
0.10134799255974986,-0.198791940391365,1.2002307534598375,0.05192741687188167,3.0774335511860493,-0.05766031092309176
0.1013089749269788,-0.19893657636095743,1.2008233690307892,0.053265328957589946,3.0716010489920587,-0.05078395144851734
0.1013089749269788,-0.19893657636095743,1.2008233690307892,0.053265328957589946,3.0716010489920587,-0.05078395144851734
0.10142563216229715,-0.19875976952563792,1.1993672206439914,0.05191661681708745,3.0813717610300335,-0.056376820992280745
0.101227298676673,-0.19877447654981023,1.1995225374326928,0.05282865806046583,3.0836787958858056,-0.06419372337148622
0.10135592836077335,-0.19870369597668122,1.1998761407488667,0.05183691983093424,3.0790273474767664,-0.06246884673729721
0.10129282981232283,-0.19874569371763115,1.200266140449843,0.052499218675226424,3.0718425383104826,-0.06387224992435714
0.10129282981232283,-0.19874569371763115,1.200266140449843,0.052499218675226424,3.0718425383104826,-0.06387224992435714
0.10129277418077987,-0.19878289709648217,1.1997638705179896,0.05263657163018684,3.0794127391402153,-0.05814885215147012
0.10134413388720014,-0.19870157438975097,1.2001773701421476,0.05242891390073934,3.0759382647119415,-0.0660635991908765
0.10127137808673559,-0.19870944145753539,1.199329352466162,0.052586052758370305,3.080225577501599,-0.058209961758073976
0.10131921526363309,-0.19880653884837204,1.2004520906582097,0.05267455654308618,3.076430094687106,-0.058033696954040107
0.1013127867707467,-0.19873338775225027,1.2003998284589033,0.052123737959665295,3.078808907235042,-0.06402133092872836
0.1013127867707467,-0.19873338775225027,1.2003998284589033,0.052123737959665295,3.078808907235042,-0.06402133092872836
0.10137270028927373,-0.19879902746548894,1.2004506455979322,0.0521780849357121,3.0798645080705342,-0.06071868703657463
0.10134339693304929,-0.19878317906009263,1.2008522308209129,0.052164470924654864,3.0740194240986423,-0.061078310159095026
0.10131754157779792,-0.19862972013581048,1.1999954109135638,0.05176982339276835,3.0802026484228056,-0.06652750937720023
0.10131754157779792,-0.19862972013581048,1.1999954109135638,0.05176982339276835,3.0802026484228056,-0.06652750937720023
0.10139514331924432,-0.1986852960862076,1.2000707021580583,0.051717138730296874,3.0816870856294805,-0.06574872763847815
0.10126147451106518,-0.19884394972540992,1.2007075474584195,0.05310920926176843,3.0726927641050668,-0.058818063294806745
0.10131766596380924,-0.19874309305293314,1.2003383274986061,0.05242004783946578,3.077221391192997,-0.06150816435986979
0.10131766596380924,-0.19874309305293314,1.2003383274986061,0.05242004783946578,3.077221391192997,-0.06150816435986979
0.10127477306963836,-0.19873403818440902,1.2004395935086591,0.05241443325794135,3.0751473087883983,-0.06097090373394309
0.10132106131949106,-0.19874029579049646,1.200070812691614,0.05223987552306343,3.0773429041756475,-0.0581129063190429
0.1013648887169734,-0.19868679343075332,1.2004821035619022,0.05158128408337691,3.0784846958992818,-0.07013421491485557
0.1012438277344963,-0.1988219698633795,1.1996813455758593,0.05333851688238863,3.0792589352869078,-0.05548346634061197
0.1013283603084946,-0.1987376568567157,1.2009619556559488,0.05204394634514581,3.0705766257320364,-0.06240505702453018
0.1013283603084946,-0.1987376568567157,1.2009619556559488,0.05204394634514581,3.0705766257320364,-0.06240505702453018
0.10132592720642297,-0.19870255952368454,1.2006604932237475,0.05159922561240559,3.0758321853125605,-0.06114974570865469
0.10139675272151136,-0.1986314190289823,1.2002171694354198,0.05131726773750455,3.0775864927476033,-0.06909980780111868
0.10129774338722387,-0.198740364633835,1.200735315543342,0.05216194181338321,3.0698444986061246,-0.06487360844136751
0.10130282749588906,-0.1987554978558017,1.1999875531207254,0.05252563140390768,3.0743646473678923,-0.059808211844826285
0.10130282749588906,-0.1987554978558017,1.1999875531207254,0.05252563140390768,3.0743646473678923,-0.059808211844826285
0.10122626954251912,-0.19886081082915782,1.2009478962149422,0.05315535714557246,3.0739320657698834,-0.05873805793858911
0.10134686546158032,-0.19865567500065967,1.2003126988991213,0.05183157138436321,3.078778828521166,-0.07016144658123628
0.10119832239667649,-0.19878092590363486,1.200263896849317,0.05279320854095041,3.0703149079676693,-0.05944050502397955
0.1013370845865264,-0.19859787379343416,1.1995417763259602,0.05150139379910354,3.083136785459553,-0.0723239510933571
0.10126046601135066,-0.19874169431325742,1.2005865354312946,0.05268187380823147,3.0741309592759123,-0.06310682036675555
0.10126046601135066,-0.19874169431325742,1.2005865354312946,0.05268187380823147,3.0741309592759123,-0.06310682036675555
0.10130820287239597,-0.19873748786918755,1.200570643716728,0.05233232981427215,3.074329327033779,-0.06521562040496086
0.10131336208204075,-0.1986751289232159,1.1996398645244113,0.052078324975098254,3.0781482488033705,-0.06498170949163046
0.10134353228354621,-0.1987072995386256,1.199394549442512,0.05233597197131085,3.0867596321285786,-0.06035930688779188
0.10134353228354621,-0.1987072995386256,1.199394549442512,0.05233597197131085,3.0867596321285786,-0.06035930688779188
0.10130842037079911,-0.19870627816170114,1.2009233397171273,0.05175045137736831,3.069673445817319,-0.061799098128302664
0.10115615880028558,-0.19879277596231515,1.2000298845611084,0.05320432280937137,3.0767342179153268,-0.06095241736021378
0.1012051779012453,-0.1987819275797057,1.1998943501889436,0.05304535921936461,3.0818251405455173,-0.06774309023459438
0.10131294283698591,-0.19876012059205247,1.1995568230245957,0.052728198728347095,3.0819306991302633,-0.05771887032199595
0.10131294283698591,-0.19876012059205247,1.1995568230245957,0.052728198728347095,3.0819306991302633,-0.05771887032199595
0.10126548082967872,-0.19879324605318963,1.1996342743012427,0.05295107874363896,3.0835123216045863,-0.060710765719837696
0.10119529808042198,-0.1987253880313611,1.2002824405411079,0.05247299067926834,3.079920795699608,-0.06658924709923189
0.10131008683552604,-0.19868490991633192,1.1991686564443693,0.05218005230479257,3.08397357803562,-0.062369353630594426
0.1012675448789921,-0.19869984000499927,1.1999354675119438,0.05245288011200137,3.079988522185515,-0.07059909860890462
0.10130954636985343,-0.19871863230219022,1.200147778689556,0.05220359445229237,3.0775665561360332,-0.06306509219397535
0.10130954636985343,-0.19871863230219022,1.200147778689556,0.05220359445229237,3.0775665561360332,-0.06306509219397535
0.1012611921009187,-0.19875583079639356,1.1999035852531563,0.05277059459819284,3.08183299498676,-0.06600551403180406
0.10125325967600392,-0.1987647907822534,1.1986776054272716,0.052994366684784945,3.0863886048744074,-0.05940411394932966
0.1012801548610138,-0.19880677934753557,1.2006934754398813,0.0530493610411447,3.0721982470710216,-0.059944800533606624
0.1012801548610138,-0.19880677934753557,1.2006934754398813,0.0530493610411447,3.0721982470710216,-0.059944800533606624
0.10132923695867305,-0.1987936766049592,1.2001813503311216,0.052442634228648435,3.0781533683220554,-0.057628714764800165
0.101340000515306,-0.19870297669470358,1.2001308044686223,0.052180532634689226,3.0817900814272448,-0.0694870543547694
0.10120443408414033,-0.1987406753909639,1.1999490029952,0.052603655846599005,3.0784298018977108,-0.06480698288079069
0.10137483786915184,-0.198815715044081,1.1988921637532683,0.05235316063491933,3.0857138655515715,-0.04395664815618759
0.10137483786915184,-0.198815715044081,1.1988921637532683,0.05235316063491933,3.0857138655515715,-0.04395664815618759
0.10129774590161973,-0.198686443107742,1.1993590884523133,0.0521803735847154,3.0832481986304723,-0.0666432336823661
0.10139997651945659,-0.19870805253335333,1.1989843841763703,0.05186006938406021,3.0858996229067004,-0.05601091692626383
0.10146814937243716,-0.1986753769663429,1.1995998307781202,0.051515793650150514,3.0819290525528897,-0.06318303509724801
0.10146814937243716,-0.1986753769663429,1.1995998307781202,0.051515793650150514,3.0819290525528897,-0.06318303509724801
0.10126054102213818,-0.19876680589105797,1.1997200278909133,0.05289439453560826,3.081263361293377,-0.06144590275338284
0.10133723655741511,-0.1987575814672903,1.200332056008105,0.05235095429978501,3.070642686902935,-0.05629097604729131
0.10128388730207474,-0.19871351726595443,1.1992668925331478,0.05261112901995566,3.086590804839546,-0.06381854552577775
0.10132329699528358,-0.1987680668054853,1.2001074802991631,0.052230806439996585,3.08300416311221,-0.06272399309777447
0.10124765563083898,-0.19878540477312373,1.1998313249968582,0.05285527574452076,3.080423603228924,-0.06437347991747126
0.10124765563083898,-0.19878540477312373,1.1998313249968582,0.05285527574452076,3.080423603228924,-0.06437347991747126
0.10126402407217214,-0.1987416705939382,1.2002495544427871,0.05267549717779123,3.0771057320296182,-0.06621712358032361
0.1013856305489416,-0.1987974711532987,1.2001474517579678,0.0525247459944242,3.0854455023402103,-0.062174786698489706
0.10124206624611733,-0.19872289087893347,1.1996592329247318,0.052769700956863806,3.0830277605735836,-0.06598229847192609
0.10134306758777636,-0.19878576678752657,1.2011441583414504,0.052257552185018305,3.070891401653009,-0.06084881118219179
0.10134306758777636,-0.19878576678752657,1.2011441583414504,0.052257552185018305,3.070891401653009,-0.06084881118219179
0.10125601116766042,-0.19878288661342605,1.2001177080322507,0.053132183357172076,3.0785355741708313,-0.06125976232488942
0.10136651245498471,-0.19874579518099886,1.200357563677132,0.05207132553054163,3.0765214291872325,-0.0600793604757687
0.10139894538791724,-0.19873342302221395,1.2000396498180563,0.05178906805369911,3.0832936346101647,-0.0646129208696448
0.10139894538791724,-0.19873342302221395,1.2000396498180563,0.05178906805369911,3.0832936346101647,-0.0646129208696448
0.10128927864807095,-0.19884418117914424,1.2004144358358673,0.052912221885451007,3.0789768982589116,-0.0573874256783756
0.10128927864807095,-0.19884418117914424,1.2004144358358673,0.052912221885451007,3.0789768982589116,-0.0573874256783756
0.1012392633844628,-0.19872787417189025,1.1999837234615396,0.05296674701388309,3.0822342137126553,-0.06862990620312694
0.10126281952860328,-0.19878606155647582,1.2005197274546304,0.05277479492603139,3.0771387355548114,-0.06672011047263615
0.10125568343004518,-0.19876691003800126,1.20014288621788,0.052617463140039074,3.0818417383079746,-0.06535256823670776
0.10125568343004518,-0.19876691003800126,1.20014288621788,0.052617463140039074,3.0818417383079746,-0.06535256823670776
0.10117475976450369,-0.19875234106585718,1.2003783867865905,0.052763525826459705,3.074941289488063,-0.06346339843281493
0.10141179115737645,-0.19869201740164782,1.2001971208856008,0.05166294097054322,3.0816569358151495,-0.06946707702523956
0.10127586929910783,-0.19864464908123097,1.2003066926639738,0.05217690900722331,3.0805804149959526,-0.07443220134385532
0.10127586929910783,-0.19864464908123097,1.2003066926639738,0.05217690900722331,3.0805804149959526,-0.07443220134385532
0.10121385636423137,-0.1988366294773944,1.2008225960507954,0.052882734364418635,3.0725624896501063,-0.05925697348143349
0.10121385636423137,-0.1988366294773944,1.2008225960507954,0.052882734364418635,3.0725624896501063,-0.05925697348143349
0.10131088450659671,-0.19861044826840724,1.2000495170108674,0.05164677936872164,3.079306410444771,-0.07265310960062453
0.10125400101520782,-0.19883296926676775,1.199826139974202,0.05305776999969974,3.076713164551692,-0.053341289266064504
0.10117181319234313,-0.1986841658743922,1.2004136626017077,0.05263950337075604,3.0728613175736523,-0.06554499665619345
0.10117181319234313,-0.1986841658743922,1.2004136626017077,0.05263950337075604,3.0728613175736523,-0.06554499665619345
0.10126593198264812,-0.19874647763452913,1.1996556517140482,0.05306994998819298,3.0783209768068525,-0.06012869660004088
0.10121791152528195,-0.1987895230047417,1.1999258210551778,0.05293633784840997,3.082756062055915,-0.06884409872510511
0.10132851194489295,-0.1987287707459155,1.1995007592827884,0.05202898508194658,3.0815016528889214,-0.06239911299277319
0.1012734306520282,-0.19875245284955628,1.199501364304455,0.0527714241181999,3.0853359012193615,-0.06763095140468721
0.1012734306520282,-0.19875245284955628,1.199501364304455,0.0527714241181999,3.0853359012193615,-0.06763095140468721
0.10131180665231114,-0.19879053547755213,1.200807456111669,0.05257237638814204,3.0748311607098904,-0.06415455158451273
0.10122294132886822,-0.1987964166871998,1.2002681425287385,0.053090072898623386,3.0774148404766652,-0.06530733604715858
0.10129580250358311,-0.19875683615289974,1.2007184699071887,0.0525313861782422,3.0733031835166793,-0.06492375759185867
0.10129580250358311,-0.19875683615289974,1.2007184699071887,0.0525313861782422,3.0733031835166793,-0.06492375759185867
0.1012532453858142,-0.19871686818700943,1.1997961813268854,0.05241558268774715,3.0844054663476466,-0.0682306479981662
0.1012532453858142,-0.19871686818700943,1.1997961813268854,0.05241558268774715,3.0844054663476466,-0.0682306479981662
0.10130495941463716,-0.19865682312125177,1.200040632932308,0.05194980898583109,3.0809518092716597,-0.07121865120111023
0.10130201693325042,-0.1988434621936454,1.200090761870781,0.05284108542115171,3.0791314031860164,-0.060332446372705746
0.10132170497098111,-0.19865775253468484,1.1991117483326788,0.05221634455032359,3.0857103761645184,-0.06891386033260859
0.10132170497098111,-0.19865775253468484,1.1991117483326788,0.05221634455032359,3.0857103761645184,-0.06891386033260859
0.10131820123161672,-0.19883964568210727,1.1999539924569582,0.05280146530947076,3.0796482088814345,-0.05789881509401793
0.10116630394972294,-0.19872101353771857,1.2003856578828047,0.05300422522321301,3.072700723359929,-0.06383912176250592
0.10116701917589208,-0.19888556263283683,1.2004673738540987,0.053735182126836756,3.0797717124550648,-0.058950321806945385
0.10131594778773859,-0.19877503852498948,1.2006973130279384,0.052361323613394,3.0787522597575885,-0.0661524753208802
0.10131594778773859,-0.19877503852498948,1.2006973130279384,0.052361323613394,3.0787522597575885,-0.0661524753208802
0.10116779253797337,-0.198735729178574,1.2000486760030171,0.05308865156832348,3.080240033590483,-0.06740208671112322
0.10123272853560836,-0.1987492790412613,1.2003093619701435,0.05270123973805509,3.075289440492997,-0.060619697233960074
0.10131443242773915,-0.1987590813344333,1.1994955068975532,0.05258100395720972,3.081084806272607,-0.060542597023455574
0.10132101772343247,-0.19879416688107146,1.200245434764048,0.05257011740232849,3.0733218341176856,-0.059841562696263235
0.1014103178237891,-0.19877602526357202,1.1998758282271378,0.05199911679325138,3.078028127194642,-0.05615977879377108
0.1014103178237891,-0.19877602526357202,1.1998758282271378,0.05199911679325138,3.078028127194642,-0.05615977879377108
0.10122336914167547,-0.19878481774035298,1.2004713386385968,0.05279731668382215,3.078296388740543,-0.07308573661656768
0.10142639644120739,-0.19874455651959996,1.199536421154645,0.05189791912565957,3.082152559848934,-0.05969737136237204
0.10132923186537393,-0.19877739826621837,1.2006504010246157,0.05188791654923222,3.076582046548384,-0.05617691227342023
0.10132923186537393,-0.19877739826621837,1.2006504010246157,0.05188791654923222,3.076582046548384,-0.05617691227342023
0.10116314336813918,-0.19880030818376723,1.2007260841288034,0.05336566805072569,3.0728116094672386,-0.06135958000355632
0.1012243420711975,-0.19867088184329337,1.2005305079241426,0.05256132161841331,3.077742150957024,-0.07132791259216666
0.10121627240728093,-0.19873637824818519,1.1994946473625887,0.053060231664046636,3.0817949799851534,-0.06553294655337757
0.10125184586015507,-0.19881720945977469,1.200178266698783,0.05301828901984593,3.0760248215437707,-0.06001561942132735
0.1013777039702848,-0.1986935387351745,1.1999035431140401,0.0520139021278721,3.08150821883309,-0.068946304916998
0.1013777039702848,-0.1986935387351745,1.1999035431140401,0.0520139021278721,3.08150821883309,-0.068946304916998
0.10138131818948524,-0.1986821313157814,1.2008030003551724,0.05184338318012301,3.0755735363145003,-0.07069247858883655
0.1013163622789439,-0.19878122867949458,1.2004717912037093,0.05254206261345445,3.078207264531429,-0.060245410542186344
0.10134962344083889,-0.19876518990781242,1.2000345132843724,0.05207660588922246,3.080410895325415,-0.060798515945657716
0.10134962344083889,-0.19876518990781242,1.2000345132843724,0.05207660588922246,3.080410895325415,-0.060798515945657716
0.10125950888047411,-0.198819738609125,1.200253367355773,0.05264224867622859,3.080392188535837,-0.055663857247513
0.1013072225913834,-0.19875400922265107,1.1998842963301077,0.0524628590542247,3.079585608643519,-0.0620357588639282
0.10115605945086452,-0.19881346180803028,1.2006164324989683,0.053343977063602346,3.074514514817691,-0.06582236067983027
0.10128993107971959,-0.19875177063528165,1.2002594333177872,0.052334225102667664,3.079178250507604,-0.06309380861680051
0.10128993107971959,-0.19875177063528165,1.2002594333177872,0.052334225102667664,3.079178250507604,-0.06309380861680051
0.10129075808023928,-0.19875053638552867,1.2002278769771213,0.05240050174774526,3.0808093370354688,-0.06615392754910164
0.10132160990050611,-0.19869027148323917,1.201305657022788,0.05193543887790844,3.07104272421512,-0.06730334653345182
0.10129211119233283,-0.19877843731664066,1.200363118020884,0.05262788433790021,3.076260620489211,-0.05687718909233994
0.10126182127054645,-0.19873500158221497,1.1996100351617713,0.052501536599865575,3.086003062545897,-0.06439296377011244
0.10134135722090042,-0.1988158919031829,1.200081827144147,0.05263984835869811,3.0769335528811794,-0.053269008008145824
0.10134135722090042,-0.1988158919031829,1.200081827144147,0.05263984835869811,3.0769335528811794,-0.053269008008145824
0.10128188239760537,-0.19876231666387756,1.2003247385584577,0.05287578521648696,3.078372484633842,-0.06418970595974398
0.10123401178410135,-0.1987302119260914,1.199961415129487,0.052729800178206526,3.078248234192226,-0.06353952610396625
0.1013076961739823,-0.19872010669764772,1.2003862685471902,0.052274936427525134,3.0811394499197378,-0.06931150327921146
0.1013076961739823,-0.19872010669764772,1.2003862685471902,0.052274936427525134,3.0811394499197378,-0.06931150327921146
0.10136508095735886,-0.19879667308801816,1.2006282735611162,0.05200464335753833,3.079269113390754,-0.06232094799233251
0.10132611617035658,-0.1985890722914672,1.2000405887821728,0.05175895088143598,3.0828079320887576,-0.0770368403130697
0.1013589067819469,-0.1987788907627725,1.2007118699651722,0.052482344607632965,3.069643431626207,-0.05868491288368438
0.10131200777863827,-0.1988100812833089,1.1993133623439338,0.052905580205763664,3.08081317064676,-0.048907352026433364
0.10129007644795898,-0.19869625780945233,1.199834462939559,0.052198640715646866,3.0793348773873266,-0.06273778990552574
0.10129007644795898,-0.19869625780945233,1.199834462939559,0.052198640715646866,3.0793348773873266,-0.06273778990552574
0.10139224748543547,-0.19873798917830912,1.1996466565826462,0.05212436403008344,3.0822684137783116,-0.06063444714636682
0.1013103046917032,-0.19864054831522307,1.2000453608769701,0.05214161793027344,3.0812370366095942,-0.069676600348682
0.10141336838559792,-0.19870531473751935,1.2004414503591092,0.05158558563650567,3.083846439613835,-0.07297913597060497
0.10141336838559792,-0.19870531473751935,1.2004414503591092,0.05158558563650567,3.083846439613835,-0.07297913597060497
0.10134290604397,-0.19878365651035304,1.200628316802282,0.052272247252041576,3.0773120759203283,-0.06461522513833323
0.10125849216974858,-0.1986322615834594,1.2006208971605825,0.05212850142094488,3.07800296653328,-0.07289710439849559
0.10118394918797574,-0.19875507016681415,1.2000397978837056,0.053251506892255794,3.0797308467232045,-0.06532030559995858
0.10133719433388408,-0.19868144659626097,1.200343380469068,0.05179823538097357,3.0792635652279055,-0.06638865087897283
0.10140298911138972,-0.19872882308483142,1.2009070648480393,0.051702594550447574,3.076970193595617,-0.06881867706207957
0.10121631126857705,-0.19885379665821917,1.2005934483207907,0.053102033700190204,3.072431581534697,-0.056125884810465446
0.10121631126857705,-0.19885379665821917,1.2005934483207907,0.053102033700190204,3.072431581534697,-0.056125884810465446
0.10126677534370644,-0.19872982075715778,1.2007988391385112,0.05232268121843547,3.0730200862692647,-0.06252400982256591
0.10120810805058879,-0.19871004295086825,1.2001473523790345,0.052760161246767474,3.0743397317766905,-0.06524551156176236
0.10137211081344383,-0.19863594481820038,1.2012024620954713,0.05101966567993009,3.0735923284858293,-0.07171242054435477
0.10137211081344383,-0.19863594481820038,1.2012024620954713,0.05101966567993009,3.0735923284858293,-0.07171242054435477
0.10126237128718606,-0.19874013740151655,1.2005120829239193,0.052478781357259904,3.074280901491512,-0.0633777393730374
0.10136872169239532,-0.19866617726661032,1.201408898620462,0.05134481694120711,3.0735797863316447,-0.06722990472769708
0.1012813574275833,-0.19874721245322047,1.2008131257194175,0.05237115611665963,3.0715920655197,-0.06331355066313986
0.1012813574275833,-0.19874721245322047,1.2008131257194175,0.05237115611665963,3.0715920655197,-0.06331355066313986
0.10128104586610351,-0.19880682047578038,1.200005220159239,0.05269209157835002,3.076741463937875,-0.06035117243498055
0.10128771498739286,-0.1987296187064824,1.2003727989122457,0.052210279718435094,3.0758566653266692,-0.06498815489827454
0.10128898620040758,-0.19882927344214396,1.2002562156880656,0.05264151542761678,3.0747256163645917,-0.056433763931221306
0.10122830922904569,-0.19879443866214624,1.2007280507384344,0.05291066351078704,3.072614991921075,-0.060957433744755866
0.10115749353827683,-0.19880511933629424,1.2004391087064534,0.05319231974081683,3.069096261057635,-0.059422004066246426
0.10115749353827683,-0.19880511933629424,1.2004391087064534,0.05319231974081683,3.069096261057635,-0.059422004066246426
0.10118607412610525,-0.19871687401144822,1.2003996187680717,0.05273740627791375,3.076655732336743,-0.0678619680801096
0.10115159836455696,-0.19872577277416684,1.2003614767724884,0.05323911003097049,3.076864037059946,-0.06627262722120017
0.1012330467891848,-0.19860989256544007,1.2003988459162822,0.051321202386575504,3.0676119949264056,-0.07077671329804201
0.10124142298856127,-0.1987312423310998,1.20037172690928,0.05251618954711431,3.0752124501123075,-0.0624518652368672
0.10124142298856127,-0.1987312423310998,1.20037172690928,0.05251618954711431,3.0752124501123075,-0.0624518652368672
0.1013060952277963,-0.19878469042950808,1.2001314436788735,0.052379910336537494,3.076397426239198,-0.06032076963208017
0.10129476820925772,-0.1987534023037694,1.2002620638388792,0.05242465790057729,3.0764582819991237,-0.06636898076818154
0.1012474431199934,-0.19874851126003495,1.1999611515585114,0.05246366165577512,3.0749779579500447,-0.05853320257812191
0.1013439586204748,-0.19877603038110692,1.1999925754307808,0.052395354485987776,3.0771296170086493,-0.061047870282681674
0.10128727834956831,-0.1987206296433762,1.2003873934193265,0.052105937666790045,3.0738584023528475,-0.060411061525018524
0.10128727834956831,-0.1987206296433762,1.2003873934193265,0.052105937666790045,3.0738584023528475,-0.060411061525018524
0.10135495612792872,-0.1987243978144951,1.2004621085789913,0.05182239620398628,3.0760116145089,-0.06400251885992866
0.10136714886067327,-0.19873828681710945,1.1997097673920387,0.0518969298711429,3.079909102117278,-0.06281992386522176
0.10131656334987713,-0.19868788412932356,1.1996913656975452,0.052050567003402055,3.0841305504122842,-0.0707012481555011
0.10131656334987713,-0.19868788412932356,1.1996913656975452,0.052050567003402055,3.0841305504122842,-0.0707012481555011
0.10121214047902304,-0.19879079657154738,1.200267522388615,0.053054024979465986,3.077066421318855,-0.0617512457646975
0.101260835040017,-0.19876104254242363,1.2002799215793207,0.052808382115299334,3.077097179921572,-0.0645637764003775
0.10117245526895817,-0.19875720477423545,1.2002361570426994,0.05287129393262559,3.0714305451492003,-0.0630495243378789
0.10117245526895817,-0.19875720477423545,1.2002361570426994,0.05287129393262559,3.0714305451492003,-0.0630495243378789
0.10124336220915846,-0.19871848042495138,1.1996234267847181,0.05202878021229419,3.071151740239422,-0.06399714089572853
0.10124336220915846,-0.19871848042495138,1.1996234267847181,0.05202878021229419,3.071151740239422,-0.06399714089572853
0.10135570966052439,-0.1987013544148581,1.2002958414601081,0.051953467457305946,3.0790620066762364,-0.07116515347946932
0.10132080676553179,-0.19880891387484564,1.200522613254921,0.05236838596549789,3.0768799165124268,-0.06036035573915155
0.10127455403270579,-0.1988069742080534,1.2003319422926972,0.05290946410242899,3.0789296411949056,-0.06024640726277797
0.10127455403270579,-0.1988069742080534,1.2003319422926972,0.05290946410242899,3.0789296411949056,-0.06024640726277797
0.1011305367005746,-0.19860978861922338,1.2000391879728975,0.052024082745707946,3.068128612326406,-0.07139998896476711
0.1012264739772202,-0.198818780019448,1.1998169014647677,0.05307232303164316,3.082233934263277,-0.06228357858546139
0.10140950974867932,-0.19877210471359624,1.1991070638507781,0.051970947470965076,3.0825969080966367,-0.05569377112155099
0.10133097737887652,-0.19874304760619432,1.2002905208105217,0.05223576091540508,3.0768370373331564,-0.06489264778243713
0.10127901787013231,-0.19871007381399947,1.200423954782887,0.052280269308778694,3.0780821083418792,-0.06445631469186383
0.10136405050219155,-0.19880725303034322,1.2000788387580366,0.05238965647898135,3.080733063155925,-0.057656565943165296
0.10136244874149165,-0.1985931525705958,1.1997637260472502,0.0508288679073865,3.0745521216875327,-0.07188551092490345
0.10129848937049199,-0.19874058008527482,1.200405573025776,0.05239119213145933,3.0763729029696223,-0.06333578795689923
0.1012959682593733,-0.19866757225221432,1.2005780288284371,0.05189131814028936,3.0749931646251305,-0.06881827221294601
0.1012959682593733,-0.19866757225221432,1.2005780288284371,0.05189131814028936,3.0749931646251305,-0.06881827221294601
0.1012838779108082,-0.19875979616613804,1.2002957719416474,0.05235460990010757,3.0776260670113387,-0.0660630237984791
0.10132235451711119,-0.19869977236302727,1.2003013400281954,0.05216252681272408,3.074931456663263,-0.06195113684808023
0.1012627107330322,-0.19875443728778458,1.1998965932382488,0.05285566154827971,3.0816373574444027,-0.05891397023196985
0.1012627107330322,-0.19875443728778458,1.1998965932382488,0.05285566154827971,3.0816373574444027,-0.05891397023196985
0.10126351881144063,-0.19873956453190555,1.199980438236432,0.05242493653747974,3.079354602954678,-0.062179902461484866
0.10133865228467187,-0.1986435597448907,1.199555808983553,0.05181410071219684,3.0851206971022984,-0.07137168386830926
0.1013386007107059,-0.19878418647390905,1.2005517030385244,0.05233920461885896,3.079574189900433,-0.06208129103956507
0.10130225197683722,-0.19876826650190974,1.200710860731861,0.05217666718144635,3.0746778980678204,-0.06499416168462996
0.10124481657950116,-0.19862795804803327,1.2001231625566964,0.05160283240614011,3.075034353358105,-0.07686662297286238
0.10124481657950116,-0.19862795804803327,1.2001231625566964,0.05160283240614011,3.075034353358105,-0.07686662297286238
0.10119196863338621,-0.1986469017919311,1.199503643279125,0.05226063602769361,3.077588385018436,-0.07584620955151684
0.10125952056580005,-0.1987519493119753,1.1997590812897323,0.052792499939369415,3.080750326880923,-0.06012008011013565
0.10134215504314734,-0.1986855579223207,1.200104795710824,0.051882326366419644,3.0801810775204412,-0.06607595991069616
0.10121548582628792,-0.19881027487851885,1.200115376014719,0.052789995757061135,3.0740869664570423,-0.059522205094140135
0.10121548582628792,-0.19881027487851885,1.200115376014719,0.052789995757061135,3.0740869664570423,-0.059522205094140135
0.10139048289069853,-0.19874888151925973,1.199698182819856,0.05198686272164872,3.080844231764323,-0.06044396832822574
0.10124921775819803,-0.19879623736099042,1.200963873616274,0.052632965193663096,3.0750332696466156,-0.06446231000543289
0.10139224502900059,-0.19872761744572695,1.1999291960927458,0.05180378292561301,3.0818410555910916,-0.0670999629961522
0.10139224502900059,-0.19872761744572695,1.1999291960927458,0.05180378292561301,3.0818410555910916,-0.0670999629961522
0.10133657741931851,-0.1987137049794895,1.2001163628198224,0.05198953493524555,3.0821624551660802,-0.06595261126190882
0.10133657741931851,-0.1987137049794895,1.2001163628198224,0.05198953493524555,3.0821624551660802,-0.06595261126190882
0.10128135771747228,-0.19869352101525597,1.2002226325223928,0.052341767654164637,3.0773286153062034,-0.06890922503436368
0.10131673344270636,-0.1986615379032331,1.2010653590883447,0.051663539005992416,3.0729966071120702,-0.06714240013431132
0.10120854141325575,-0.19874513217316128,1.2007810404901063,0.052752528836860706,3.0788335350232265,-0.06872283630784852
0.10120854141325575,-0.19874513217316128,1.2007810404901063,0.052752528836860706,3.0788335350232265,-0.06872283630784852
0.10130055370104278,-0.1987335909843027,1.2005138306042018,0.05237890693669524,3.0797250677070718,-0.0698902132121966
0.10133817886923423,-0.19868035452805388,1.199987040553635,0.05211283813226575,3.080188873368605,-0.06751197336310027
0.10127800875537384,-0.1987982038774836,1.200276122742038,0.05260125744535516,3.0779886449082965,-0.0586733955666084
0.10127800875537384,-0.1987982038774836,1.200276122742038,0.05260125744535516,3.0779886449082965,-0.0586733955666084
0.10133715066257795,-0.1986849459185614,1.1999279698921577,0.051891160280926656,3.084298064264225,-0.06832409258809251
0.10115942003551111,-0.1987814732737246,1.2006538458710985,0.0534368653955475,3.071694589410057,-0.061244607592220945
0.1012183953635753,-0.19870046121903848,1.2005848522758864,0.05257239794881004,3.072946184561434,-0.06840431108749509
0.10138097966547667,-0.1986530438285268,1.199781991036978,0.0516510340250972,3.078700514050335,-0.06558532727318482
0.1013633196425822,-0.1986858432368088,1.200427480602807,0.05210646304394313,3.079515033836284,-0.0688389820017192
0.1013633196425822,-0.1986858432368088,1.200427480602807,0.05210646304394313,3.079515033836284,-0.0688389820017192
0.10134066498277997,-0.19870234895175123,1.1995766166517656,0.05213928853278139,3.0759480278749907,-0.056096218872527456
0.10118999646137392,-0.19866853391031977,1.1997042630459611,0.05278764507407217,3.0784912958603234,-0.0688918918995793
0.10133901203884516,-0.1987867436175814,1.200337331042448,0.05219479221475686,3.076045286810169,-0.05955586389212162
0.1012209068996741,-0.19862406731727855,1.2006047296838953,0.051458934301174056,3.070103908722404,-0.07668522636428225
0.1012209068996741,-0.19862406731727855,1.2006047296838953,0.051458934301174056,3.070103908722404,-0.07668522636428225
0.10119702419438842,-0.1986806448098324,1.200164394034113,0.05209397064230773,3.0718809467591437,-0.07455820094959832
0.10115283708108279,-0.19879315533981376,1.2006621563897304,0.05318621106187228,3.0723553325985518,-0.06612782916598395
0.10131197936150928,-0.19871724006047933,1.2007149892205675,0.05208592373769602,3.0798392737750717,-0.07157251529447584
0.1012527002345008,-0.19881524037582404,1.2010655919710251,0.05271361679114745,3.0753478231494653,-0.06334272374030957
0.10139863207230751,-0.19868064828157608,1.1999868590066134,0.051678246757970725,3.078825591029885,-0.0655010012468735
0.10139863207230751,-0.19868064828157608,1.1999868590066134,0.051678246757970725,3.078825591029885,-0.0655010012468735
0.10111884065410924,-0.19873204824542237,1.2001802860362139,0.05280743205813428,3.068465496207873,-0.06634890730143658
0.10129277715121418,-0.1987315082610543,1.2003245239998885,0.05248695535663529,3.079246592244898,-0.06475616021726348
0.10120678759399178,-0.19873859837771637,1.2001649236834149,0.05272018550101334,3.0717544826680756,-0.06434073036058378
0.10120678759399178,-0.19873859837771637,1.2001649236834149,0.05272018550101334,3.0717544826680756,-0.06434073036058378
0.10123129953750411,-0.19880644808882983,1.200376465685636,0.05297978738809855,3.0781897176696758,-0.06458575454310969
0.10115258802172462,-0.1987833832288639,1.2007095342028082,0.05311461903459038,3.0723131127929526,-0.06477781588037175
0.10129358018791469,-0.19875657056944485,1.2007198304132771,0.05243785389411387,3.0752308636007757,-0.06314998197311372
0.10129358018791469,-0.19875657056944485,1.2007198304132771,0.05243785389411387,3.0752308636007757,-0.06314998197311372
0.10126629284472247,-0.1987522374617386,1.2002357034361388,0.05260470290840487,3.0827832268933943,-0.06883598321704365
0.10121922175800102,-0.19883875688852334,1.2001344360204733,0.053059238119835116,3.077199712709204,-0.05953985418414369
0.10126607867498257,-0.19875699648692843,1.2000154463617303,0.05275717441727624,3.075740954119358,-0.06263903085079063
0.1011674763566894,-0.19866544368593425,1.20049940143823,0.05186522033172352,3.0702043712664233,-0.0736086603173085
0.10125387126701461,-0.19869338621114063,1.199990714616695,0.052468410659148854,3.074474283800567,-0.06583150599138485
0.10125387126701461,-0.19869338621114063,1.199990714616695,0.052468410659148854,3.074474283800567,-0.06583150599138485
0.10123686406866722,-0.1985203691169491,1.2001980474477367,0.05106715644363669,3.0676605299929327,-0.07910967474224458
0.10116372657693191,-0.19861888256738872,1.2000407405494913,0.051906577960843525,3.068164475261683,-0.07429618500409253
0.10127739097787763,-0.1986179678800043,1.1995199935488638,0.051481687408727175,3.0705706845947502,-0.06763468072283389
0.10122556869659499,-0.19863700474822216,1.200106984144976,0.051683593900738053,3.075262126148229,-0.07565868381559586
0.10122556869659499,-0.19863700474822216,1.200106984144976,0.051683593900738053,3.075262126148229,-0.07565868381559586
0.10132517984068251,-0.19875181907900197,1.200207014458458,0.052214452964858035,3.076197132184366,-0.06170991111585892
0.1012645291642025,-0.19878486507702273,1.2003514749782151,0.05272797054091468,3.078395841008047,-0.062082272278203614
0.1013072112420987,-0.19873189929668847,1.2004892861444934,0.05206324915574352,3.0754564576888614,-0.06625325827828318
0.10128120028266573,-0.19876546910463302,1.1999980646697535,0.05248849696612351,3.0826726189501477,-0.06594504500645411
0.10123951505718183,-0.19887273292943844,1.2003357974120992,0.053050686083460086,3.0769929037044657,-0.055927340749949726
0.10123951505718183,-0.19887273292943844,1.2003357974120992,0.053050686083460086,3.0769929037044657,-0.055927340749949726
0.10133891752124416,-0.1987102566545007,1.201014304535211,0.05148580067593022,3.0752569798939873,-0.06822593716668185
0.10127567015664443,-0.19873732068185818,1.200428661771162,0.052363741333569684,3.0818204225323074,-0.06782356380141724
0.10130841414934286,-0.1987505991073974,1.200491386704975,0.052180662725168844,3.0773739308372354,-0.06779825125894301
0.10130841414934286,-0.1987505991073974,1.200491386704975,0.052180662725168844,3.0773739308372354,-0.06779825125894301
0.10135559290655653,-0.1987341931261921,1.2008949322189482,0.05180736653306993,3.0780618102618065,-0.06756090936646038
0.10116815141084012,-0.19874180892832546,1.200506071714379,0.052610153039805735,3.068497699677463,-0.06642565648512543
0.10116181219092205,-0.19861479316947903,1.200666026676648,0.05182497983577863,3.0629159147454965,-0.06857126827510664
0.10124764310660606,-0.19867047060128057,1.2008851980523512,0.05141268726858787,3.068378280581814,-0.06950942340168538
0.1012827883851198,-0.1986486958720615,1.2005920670140149,0.05196576475438672,3.07274631877749,-0.07226514418385123
0.1012827883851198,-0.1986486958720615,1.2005920670140149,0.05196576475438672,3.07274631877749,-0.07226514418385123
0.10116852845035548,-0.19871536704412057,1.1997947791815466,0.05237221190250312,3.0727805305473925,-0.07306091201930986
0.10129306359466823,-0.1987586854706047,1.200568829469625,0.052293607090512735,3.07591941910153,-0.06526265803107179
0.1013163425838367,-0.19872135207627029,1.2010000602649056,0.05211983851181831,3.0726693995595684,-0.06526862613023844
0.1012562388749425,-0.19881623759850195,1.199994525238738,0.05302660213987425,3.07759277462232,-0.05774787750256728
0.1012562388749425,-0.19881623759850195,1.199994525238738,0.05302660213987425,3.07759277462232,-0.05774787750256728
0.10126651661441129,-0.19869541617396574,1.2008673061088462,0.05207627110060313,3.0750398007438275,-0.0704847869366852
0.10112426283127252,-0.19867644196234707,1.2005473572553158,0.05243013859661069,3.065364668513325,-0.07026705928067188
0.10132173663159133,-0.19870159325811235,1.200368661980796,0.052104373953524574,3.078254274912537,-0.06993960373357966
0.10132173663159133,-0.19870159325811235,1.200368661980796,0.052104373953524574,3.078254274912537,-0.06993960373357966
0.10131417333272368,-0.1987039329552393,1.2009186036496546,0.051802503739800054,3.0752300089585507,-0.07193186666839001
0.10109531324071304,-0.1986485806281825,1.1999771090386726,0.0525445947647172,3.07001322973399,-0.07363033125292387
0.10125291548029998,-0.19871502059757706,1.2006634570572163,0.0523756844379936,3.079053919044756,-0.0705204151565647
0.10107294302875686,-0.19868983267466686,1.2004940428062882,0.05257961670715719,3.066225771260648,-0.07216806746409861
0.10102779062369907,-0.19877372593989007,1.2002553515755698,0.053225271173781015,3.069821702684346,-0.06860205630584736
0.10102779062369907,-0.19877372593989007,1.2002553515755698,0.053225271173781015,3.069821702684346,-0.06860205630584736
0.10118814114547552,-0.1988786143595962,1.2002171895089495,0.05321237529472727,3.080650596470813,-0.058558871870414086
0.10120524134471817,-0.19877301482831933,1.2010794147923793,0.05263404806921905,3.0732414612316052,-0.06871181004649778
0.10108302524272232,-0.1987062553375193,1.1996405009270257,0.052774004218864565,3.0726522072423714,-0.07022135467283708
0.10108302524272232,-0.1987062553375193,1.1996405009270257,0.052774004218864565,3.0726522072423714,-0.07022135467283708
0.101306432240065,-0.19869703717459974,1.2004021642385374,0.05221256089902708,3.0778571578283382,-0.07125568385993022
0.10121558289374792,-0.19871400982298768,1.2001272958077303,0.05197984601579039,3.0692506855896164,-0.06702798931194594
0.10133919048152898,-0.19879937901864878,1.1996821440357932,0.05254063737706766,3.0810142074036353,-0.05866666709557295
0.10132770357214257,-0.1987492311547576,1.2004341792208377,0.05241221542515009,3.075640737949456,-0.060387246765754646
0.10129410495625371,-0.1987619416254788,1.2005319506365022,0.05232471969104455,3.076422065809627,-0.06037291172795572
0.10129410495625371,-0.1987619416254788,1.2005319506365022,0.05232471969104455,3.076422065809627,-0.06037291172795572
0.1011932263369675,-0.1986471314218299,1.1999598136649734,0.0520829523403513,3.0691321503033415,-0.0718087575750726
0.1010847279974253,-0.19876465037234634,1.2001450125865585,0.05273052240211861,3.0673147217657677,-0.0632308827334411
0.10120884613329016,-0.19871597625470808,1.2004124988079956,0.05210925952847421,3.0704360081636497,-0.0699087185689197
0.1012530663162325,-0.1986369566719723,1.2002265269718904,0.05162800059625905,3.073367099909382,-0.0739221982193839
0.1012530663162325,-0.1986369566719723,1.2002265269718904,0.05162800059625905,3.073367099909382,-0.0739221982193839
0.1012806604072565,-0.19876181606685378,1.2004573577294197,0.052497282767404035,3.078586311069342,-0.06684666129751805
0.10131555722462601,-0.19875070121559466,1.2000442480593951,0.05261157883880688,3.0789513170917115,-0.06409755706508703
0.10137571736889614,-0.19874564302142037,1.1999451267110297,0.052000565249741,3.0788057080094267,-0.06076448315080425
0.10137571736889614,-0.19874564302142037,1.1999451267110297,0.052000565249741,3.0788057080094267,-0.06076448315080425
0.10121359138569774,-0.19870108622469632,1.2003469764144818,0.0519778143616157,3.0688001962740614,-0.0676170847596206
0.10121359138569774,-0.19870108622469632,1.2003469764144818,0.0519778143616157,3.0688001962740614,-0.0676170847596206
0.10132211014599628,-0.19874957037190405,1.2006456908097276,0.05228663039819306,3.077137153745644,-0.06580976274414246
0.10120255858319537,-0.19864655654108168,1.1996079347955648,0.05192449706736362,3.076547378608976,-0.07532168059545194
0.10126079730590949,-0.19884433411621813,1.2004713629956179,0.052915549787255274,3.077019048471451,-0.060489748578960896
0.10126079730590949,-0.19884433411621813,1.2004713629956179,0.052915549787255274,3.077019048471451,-0.060489748578960896
0.10128535063976005,-0.19876498109146337,1.2000136810961874,0.05277874285219554,3.0750457989637106,-0.0568561854815859
0.10127827992280461,-0.19882054745422625,1.2000208231293026,0.05278731498510664,3.0777683417693242,-0.05779099339687542
0.10131660922686285,-0.19874012224449206,1.2002923560052245,0.05248759877375763,3.077559862513413,-0.0620022020151056
0.10131660922686285,-0.19874012224449206,1.2002923560052245,0.05248759877375763,3.077559862513413,-0.0620022020151056
0.1013728796792642,-0.1987599622365102,1.2003625375990878,